Muequuephynquu,1959823.8,-6.9571962E11,2.95736364E12,-18.460127,78.47041
Feajebyn,87717.484,7.8300886E13,-9.9854148E13,2077.6257,-2649.5173
Ngeiknirgin,85731.92,8.0040524E13,-7.2808428E13,2123.7834,-1931.8894
Pun,42843.3,-1.37358056E13,-8.1886619E12,-364.4646,-217.2772
Poobunxeabin,4.0,-1.33307281E13,-7.8055845E12,-353.71634,-207.11247
Wroishie,4.0,-1.23246278E13,-8.0869295E12,-327.02026,-214.57787
Sunhoo,42678.42,-4.22872272E12,-4.04845494E12,-112.20441,-107.42132
Pen,44732.375,-7.5619977E12,-5.9493201E11,-200.6493,-15.785884
Wooquyn,439586.3,-1.65968806E11,2.44417718E12,-4.401414,64.857155
Tyn ngei,747317.4,-3.43832363E11,3.64349325E11,-9.12332,9.667713
Knirjinthinphynwhe,42691.37,2.50036072E13,-1.44564119E12,663.44354,-38.35849
Thir,4.0,2.19160521E13,-9.3503737E11,581.5185,-24.81017
Fenyuecheizu,3.0,2.34821339E13,-2.25429108E12,623.0729,-59.81522
Jan,2623451.2,-1.42225034E12,8.2018422E11,-37.739132,21.761675
Vinshiehun-due,42862.516,7.6560136E12,-7.9424494E11,203.14407,-21.07441
Xun,42885.07,-1.5728769E13,-1.57755533E13,-417.34567,-418.5871
Theihanthy,44776.08,2.52388416E12,-1.75077245E11,66.96855,-4.645446
Chuequei,42709.71,-2.48500584E12,-1.0735869E12,-65.93685,-28.486423
Sicirryn,23826.0,2.76030528E12,1.59798552E12,73.24185,42.400875
Whoiyoolei,40081.0,2.5123106E11,-3.89770478E11,6.6662536,-10.342004
Hue,37662.0,-3.14127286E12,7.5823212E12,-83.35015,201.18881
Yiexue,47219.0,-1.88682967E13,1.45315405E13,-500.64975,385.57916
Wrir,43208.0,-9.3527915E12,-1.54657456E11,-248.16592,-4.103597
Kan yaso,87632.3,7.8372995E11,7.6374304E11,20.794434,20.266346
Shiebujen-heichi,44847.53,-4.5705598E12,-3.36562127E11,-121.274796,-8.93023
Phyn,4.0,-3.73411178E12,1.31084439E12,-99.0804,34.781998
Venphinfea,42737.887,-9.0833918E11,9.4916857E11,-24.102036,25.185394
Jea,4.0,1.15304536E12,-8.8814741E11,30.59497,-23.565247
Mirfan,87486.72,-5.8349369E12,7.4741039E10,-154.82358,1.983252
Fowheathei,42870.67,-1.95764984E12,-8.2305253E11,-51.94413,-21.838755
Pynngeewu,42761.98,1.96310558E12,5.830445E11,52.08905,15.470552
Finquirgir,42705.516,1.16071714E12,-8.9858159E11,30.79859,-23.842806
Kappa Bymu,4.0,-1.61287063E13,-1.35439036E13,-427.95767,-359.37332
Zyn,2.0,9.2289833E11,-3.62294831E12,24.488354,-96.13111
Yanwuefeexoo chun,42896.598,-5.1682612E12,-2.32674589E13,-137.13626,-617.389
Wrea-fea,87634.44,4.5977295E12,-6.7428009E12,121.996124,-178.91304
Chie-sinshooxie,89681.875,-9.966825E11,-3.64960809E11,-26.445679,-9.683658
Jee,87440.95,-1.52521513E12,2.69873263E12,-40.46962,71.608025
Yurun,44678.137,-1.76113005E12,-7.6508981E11,-46.729507,-20.300741
Fue,44746.59,-1.68792752E12,1.04827034E12,-44.787373,27.81463
Yen,44771.39,6.7678744E12,3.23585258E12,179.57845,85.8599
Kin,42692.51,-3.36225685E12,-1.08988392E13,-89.21384,-289.18918
Beejy,44808.926,-1.46349215E12,5.8349781E11,-38.831753,15.484021
Zircanboopin,44887.355,-1.12939185E12,1.18567312E12,-29.96762,31.460394
Quie,44850.43,-1.57102427E12,1.26428119E11,-41.685318,3.3540466
Coipiewen,4.0,-1.19277158E12,2.72739808E12,-31.648624,72.36859
Favaxinsunly,42821.555,3.41697731E12,2.82673152E12,90.6663,75.0043
Layue,4.0,2.95457024E12,4.31796309E12,78.39654,114.57255
Leiwichuechu,42714.594,-1.57277907E12,8.9577115E11,-41.729824,23.767208
My,42826.3,-1.68385236E12,1.19540376E11,-44.67928,3.1718526
Phen,4.0,9.4820047E11,-5.4222111E12,25.159538,-143.8728
Cenbei,44845.016,5.0472687E12,-5.03772905E11,133.92451,-13.367203
Eta Chozeihir,3.0,-1.98382898E12,1.96287359E12,-52.639008,52.083282
Queinin,4.0,2.67825761E12,-8.7668962E11,71.06475,-23.262043
Lei,44737.89,-2.59610614E12,3.58126767E12,-68.88492,95.02506
Ngusheafynthea,4.0,-8.4156475E11,-3.37159992E12,-22.329952,-89.46183
Mefungiesei,44760.574,1.74681922E12,3.12150563E12,46.350098,82.82581
Zyheaphiefoi,4.0,-6.8758022E12,3.9016933E11,-182.44217,10.352681
Ngee banfue,44899.38,-3.01950435E11,2.19284111E12,-8.012034,58.184998
Leahyyei,3.0,-6.0067891E12,-3.11710188E12,-159.38373,-82.709145
Wei,4.0,-1.6712219E13,-2.50108298E13,-443.44116,-663.6359
Vueyynmunphuedea,2.0,-3.50577558E11,3.86225485E12,-9.3022,102.48081
Jo,44744.98,-1.04908934E12,1.80470612E12,-27.836273,47.88678
Tenchynphoo,4.0,7.1228703E12,-1.87312597E12,188.99782,-49.7015
Be,42870.59,-1.20875418E11,1.5650778E12,-3.2073207,41.52761
Jeiceisho ja,42868.81,-1.46397017E12,1.27729205E12,-38.844723,33.891056
Hoo nirquirchowhie,42903.906,9.1833506E13,-4.7905248E12,2436.704,-127.11154
Sheawro,44897.062,8.4852513E11,3.05158615E10,22.514791,0.80969906
Weijo,3.0,-2.36006434E12,7.4458084E11,-62.621365,19.756609
Chei,4.0,9.9720154E12,7.4784042E12,264.59732,198.43166
Penchenwrirwie,2.0,-8.4783997E12,-4.23179898E12,-224.9655,-112.28644
Hi,42773.89,-2.33250929E13,5.5084977E13,-618.90625,1461.6206
Viepunpoi,4.0,-2.22521605E13,5.4564389E13,-590.4373,1447.8069
Phenvanbea,2.0,-2.4329247E13,5.0762458E13,-645.55084,1346.9285
Nguseepee,42825.99,-2.33888494E12,7.3383359E11,-62.059624,19.471489
Roo,4.0,-2.43787996E12,1.27386098E12,-64.686386,33.80051
Phu,89583.734,-5.975217E12,1.71297145E12,-158.54602,45.45185
Vu,85686.484,-3.8835199E13,4.665053E13,-1030.4514,1237.8226
Dinranbuegi,85524.94,1.70326523E13,-6.1761583E12,451.94366,-163.87775
Kningeiquun,44898.387,-8.9006889E13,-8.3470441E13,-2361.7024,-2214.7993
Knela,2.0,-8.8426825E13,-8.3897723E13,-2346.3132,-2226.1377
Te,42901.848,-2.22719535E12,1.5425768E12,-59.096127,40.930595
Whanshaxan,44873.56,3.55169763E11,1.38859486E12,9.424036,36.844864
Rie,3.0,5.1518164E12,4.9323673E12,136.69798,130.8751
Nishuchu,4.0,1.88930811E12,1.4561647E12,50.130833,38.63772
Lunxe,2.0,-4.06252841E12,4.6002204E12,-107.79488,122.061806
Whenveiwhei,3.0,-5.09563077E11,2.16501007E12,-13.520616,57.44631
Whoi,2.0,-2.09808746E12,-8.1753847E11,-55.6704,-21.692533
Boinei,44888.098,-1.72876399E11,1.31903573E12,-4.587103,34.9991
Chirjowei pee,42735.105,-8.7454929E12,-4.09776003E12,-232.05222,-108.72973
Tosengi,3.0,-1.16303331E13,-5.4595976E12,-308.59845,-144.86461
Nyropei,4.0,-7.3286025E12,-5.9900397E12,-194.45665,-158.9394
Phie,4.0,-7.1664486E12,-1.55393655E12,-190.15413,-41.23201
Wubie,2.0,-7.3344305E12,-5.698102E12,-194.61107,-151.19307
Nan,44756.957,2.6334204E13,3.44981478E12,698.75055,91.537125
Knirjoi,4.0,2.64835904E13,2.69308867E12,702.7141,71.45824
Wryn,44824.027,-3.16793265E12,1.81320732E12,-84.05788,48.11148
Munheizirdei,4.0,1.1046275E12,2.86831542E11,29.314177,7.6099
Wryxen,4.0,-1.50961403E12,2.58027369E12,-40.05277,68.44297
Jo,44769.254,-8.7258202E11,2.32284488E12,-23.152819,61.63424
Hun,4.0,-3.21376276E12,1.00613808E11,-85.273766,2.6696706
Shin,42762.78,1.05123237E12,9.8120453E11,27.893353,26.035166
Fuery-fyn,1.0,-2.36081539E12,-4.5464142E12,-62.641663,-120.6343
Ngue,3.0,1.41966311E12,3.90876496E11,37.66939,10.371415
Beki,2.0,3.9299285E11,6.2196993E12,10.427734,165.03317
Ngila,44737.297,-5.0617207E12,1.01244641E11,-134.30734,2.6863735
Cirknoi,4.0,1.9123992E12,-3.9469499E12,50.74439,-104.729744
Wintuekninfue,1.0,2.73498584E12,4.7999772E12,72.56997,127.36224
Cei,3.0,-1.97464834E11,-2.59514384E11,-5.2394876,-6.885861
Wrie,42668.926,-1.37354766E12,3.21824647E12,-36.445396,85.39261
Pa,4.0,-2.69245848E12,1.32969857E12,-71.44144,35.28211
Sea,3.0,-7.9769718E11,1.12124913E12,-21.166157,29.750957
Knangeiknu,4.0,-5.14164687E11,-2.86382838E10,-13.642705,-0.7597008
Thynlanmir,2.0,-2.78651109E11,4.5939698E12,-7.3936324,121.89604
Xoguepha nge,44761.938,-1.87286382E12,2.54248301E12,-49.69422,67.46204
Girhewhyn,3.0,-4.794748E12,4.9254871E12,-127.22352,130.69247
Chenkieveajueknue,4.0,-1.45217382E12,7.1276829E11,-38.534695,18.905113
Kobue,3.0,-1.18599398E12,3.87457011E12,-31.468979,102.807465
Neivan,4.0,-3.92394205E12,1.31958204E12,-104.117584,35.0137
Ziephanninsa,2.0,9.0142186E11,1.88393547E12,23.918365,49.988125
Manbeiquen,42873.926,2.44477356E12,1.29087596E12,64.86962,34.25195
Why gecir,4.0,-3.35426224E12,3.13323684E12,-89.0016,83.1371
Ca,4.0,7.7937525E10,1.00119265E10,2.0678778,0.26568902
Phei,3.0,-1.49663554E12,4.13538058E12,-39.711586,109.72771
Kue,2.0,2.50031479E12,1.30396075E12,66.34297,34.59909
Thun,42729.227,-7.6131815E11,2.28980425E12,-20.200714,60.757603
Knongeexen,1.0,-1.55685487E12,2.63071701E12,-41.309204,69.80369
Kappa Wue,44743.637,-3.17739919E12,2.64472573E12,-84.30882,70.17493
Gingea,1.0,1.64872572E12,-2.26902671E12,43.74721,-60.206253
Ryn,44842.973,-1.25540945E12,2.53342122E12,-33.31074,67.221664
Xungue,3.0,-6.4981812E12,-7.8434109E12,-172.42609,-208.12276
Dynyyfee,1.0,-1.34857569E12,1.45787952E12,-35.782906,38.682983
Knyn,2.0,5.89658E11,-5.4167376E12,15.646014,-143.72734
Knoi,44731.508,1.11636109E13,-2.88433111E12,296.21497,-76.53278
Sheepu,2.0,-3.39057521E12,5.181122E12,-89.965324,137.47566
Xun,44805.547,-9.757223E12,1.0006457E13,-258.8974,265.51083
Knomangynte,3.0,-1.09989079E13,8.490171E12,-291.84445,225.2775
Chyn wrir-wrythun,1.0,-6.5435179E12,6.3375939E12,-173.62532,168.16136
Yieranjinquue,44826.973,9.2183881E11,1.67270194E12,24.459888,44.38331
Phunnen,3.0,4.31363424E11,1.52369876E12,11.445755,40.429634
Bynyue,4.0,-1.889195E12,-2.77548918E12,-50.12773,-73.64471
Zoicy,1.0,-1.12252355E12,7.2378357E12,-29.784906,192.04814
Chue,42686.95,-1.59280349E11,-6.4368817E11,-4.2262073,-17.079472
Theike,1.0,-2.33905193E12,1.08142769E12,-62.06408,28.694479
Jengykyn,2.0,-1.2111294E12,2.6741257E12,-32.135834,70.95511
Dei sei,44655.863,-3.96864887E12,-1.96593861E11,-105.30369,-5.216435
Shinan,3.0,-5.0816462E12,5.8476808E12,-134.83606,155.16199
Kyn,1.0,-8.936036E12,1.97262613E12,-237.10849,52.34118
Vuezunda,3.0,-2.19262039E12,1.0480272E12,-58.17867,27.808258
Pyveehaphuzy,4.0,-7.5478419E12,6.798354E11,-200.27385,18.038677
Leaxu,2.0,-2.82341068E12,1.30029729E12,-74.91614,34.501987
Dun,42782.27,-3.07969288E12,-9.9793935E11,-81.71633,-26.479326
Whoo,4.0,-1.38514321E12,2.97479176E11,-36.753242,7.893718
Theaknei,1.0,-1.02400839E13,4.582351E12,-271.7098,121.58788
Vehie,3.0,-3.4596748E12,-5.02421094E11,-91.79869,-13.331215
Go,2.0,-3.85763115E12,-6.5381158E11,-102.358154,-17.34821
Fenpin,44692.367,-2.07898228E12,3.87869757E12,-55.163532,102.917046
Wythoo,3.0,-3.15202837E12,2.68193261E12,-83.63585,71.1616
Keiwriefeeben,3.0,1.42782471E12,5.1040533E12,37.885895,135.43065
Tiengei,2.0,-2.68464292E12,4.00960913E12,-71.23406,106.39071
Whe,3.0,-2.18130901E12,1.34876588E12,-57.878494,35.788044
Ci,4.0,2.0824701E12,2.8460206E12,55.256134,75.51613
Gewroosa,4.0,-3.4111779E12,1.71365905E12,-90.51172,45.470222
Tei-syn,4.0,-9.8104278E12,-2.74367185E11,-260.30936,-7.2800245
Hee,2.0,3.28366031E11,1.64260073E12,8.712806,43.584625
Wree,44712.258,-4.7630081E12,4.36340208E12,-126.381256,115.77818
Yurirfue,3.0,-4.34585915E12,5.6523715E12,-115.31251,149.97987
Mee,4.0,-9.5672326E12,-1.84623288E12,-253.85635,-48.987904
Cu can,4.0,-4.16359934E12,7.3150906E12,-110.476585,194.09818
Jirnin,1.0,1.30607546E11,9.1273101E11,3.4654713,24.218306
Whinkuegue,3.0,1.29225327E11,8.0187469E12,3.4289937,212.7689
Shooyunza,4.0,2.60141646E11,3.14068356E12,6.9025183,83.33469
Xanshea,2.0,-3.37262386E12,4.7157865E12,-89.488945,125.128296
Nir,42811.85,8.8524928E11,1.76841425E12,23.489244,46.922817
Ngun,3.0,-2.70953506E12,3.38544296E12,-71.89459,89.829094
Jea,4.0,-4.08869011E12,6.1125362E11,-108.48899,16.218943
Vypa,1.0,-4.9470007E12,2.40480131E12,-131.2633,63.808826
Thoigoilan,3.0,-6.7076966E12,-7.455259E12,-177.9815,-197.81732
Kie,4.0,-4.5029601E10,-1.89118507E12,-1.194651,-50.180637
Thoituedo,1.0,1.70483948E12,3.01582464E12,45.236145,80.02171
Rikinbeequue,42853.523,1.55216134E11,1.8754926E12,4.1184964,49.76413
Heejin,1.0,-4.02440847E12,-2.69212516E11,-106.78338,-7.143256
Kneiwrin,3.0,-6.3583971E12,5.3993066E12,-168.713,143.26498
Beangy,4.0,-7.8140182E12,-4.25321038E12,-207.33667,-112.85455
Guje,44728.883,-8.1208713E10,-5.5219139E11,-2.1548212,-14.651806
Veesho,4.0,-4.60295995E11,6.1011382E10,-12.213429,1.6192267
Dir,4.0,9.3216949E12,-2.61894675E12,247.3414,-69.491
Wanyei,3.0,-3.59660782E12,1.49344158E12,-95.431984,39.626858
Loi-kneshoo,1.0,-6.2856375E12,2.33169564E12,-166.78264,61.869053
Beipheixu,42822.062,-6.6240774E12,8.3118876E11,-175.76288,22.054693
Rir,4.0,-5.7299058E12,4.05475977E12,-152.03653,107.588326
Keegy,4.0,-8.2941407E12,-4.07169794E11,-220.07628,-10.803858
Ci,87782.72,-2.11978174E13,-6.4820154E13,-562.4617,-1719.9344
Vei,4.0,-5.8606501E12,1.14332126E12,-155.50615,30.336807
Phea,4.0,-7.2588497E12,5.3400363E12,-192.60583,141.69218
Tei-bo,1.0,-8.3683154E12,5.5517061E12,-222.04454,147.30852
Xei wrir,4.0,-4.0783952E12,1.93948785E12,-108.21582,51.462296
Malahupitin Deecoopoo,42737.195,-6.5338464E12,5.3080312E12,-173.36864,140.84294
Quoovyxue,3.0,-8.5010887E12,2.64809349E12,-225.56728,70.264336
Pa,3.0,-6.4097139E12,9.7294609E12,-170.07484,258.16098
Ten,4.0,1.06111363E12,1.48129144E13,28.155586,393.0452
Wryn,2.0,-4.32679341E12,4.5778726E12,-114.806786,121.46885
Zirthiekni,42873.95,-7.253957E12,5.3207577E12,-192.47609,141.18073
Hinphoiben fynphan,3.0,-8.5401356E12,2.35494991E12,-226.60347,62.48607
Knewran,4.0,-6.3412508E12,5.8932808E12,-168.2584,156.37189
Seewhoi bu,3.0,-4.0184308E12,1.03493099E13,-106.624725,274.60782
Lir,2.0,-7.7783635E12,4.4611173E12,-206.39053,118.37104
Bin,42750.195,-8.2785306E12,3.28422602E12,-219.66199,87.143486
Sheeven,4.0,-9.1464265E12,2.89179828E12,-242.69086,76.73068
Man,1.0,-9.4027781E12,5.6433438E12,-249.49274,149.74013
Guepyngoichy,3.0,-1.1924552E13,7.7370795E12,-316.40552,205.29512
Sinkensee,4.0,-2.94010277E12,9.1894894E12,-78.01251,243.8334
Jimee cha,2.0,-6.9296912E12,1.30396389E12,-183.87207,34.599247
Pue,44880.36,-7.6756869E12,4.1150812E12,-203.66606,109.18928
Hunjunhei,3.0,-7.7655415E12,8.7033289E11,-206.05023,23.09324
Heangei,4.0,-8.7189283E12,5.2803509E12,-231.34735,140.10849
Hujei,3.0,-9.2706848E12,2.10950069E12,-245.98772,55.97326
Ngoiphyxyn,44879.914,-3.88040858E12,4.6617068E12,-102.962395,123.69336
Xiefoopy,3.0,-1.15856994E13,-1.69013412E12,-307.41428,-44.84607
Ro,3.0,-2.95371303E12,4.7604868E12,-78.37357,126.31443
Hunthieko,2.0,-4.6753938E12,5.0832139E12,-124.05655,134.87762
Hir,42785.89,-8.487764E12,4.36955356E12,-225.21371,115.94143
Bunten,4.0,-8.9991498E12,5.7769491E12,-238.78273,153.28522
Phu zeaknothiyoi,4.0,-6.1905342E12,5.466837E12,-164.25922,145.05682
Fe,2.0,-8.9165524E12,8.1368622E12,-236.59116,215.90315
Boishir,44865.793,-8.8315485E12,4.28173479E12,-234.33578,113.61135
Xe,4.0,-4.4145983E12,1.5476696E12,-117.13646,41.065773
Rue,1.0,-6.8489152E12,1.64660196E12,-181.72887,43.68865
Pho zo,3.0,-7.0941729E12,4.4575894E12,-188.23624,118.27737
Sheepin firwrei,2.0,-7.2801321E12,3.86021799E12,-193.17062,102.42683
Coixun,42743.426,1.44781148E11,8.3403646E12,3.8417134,221.30298
Shyknoo,3.0,-6.4592801E12,2.38373778E12,-171.38997,63.249912
Nirhynshei,4.0,-6.1220444E12,2.01572601E12,-162.44196,53.485085
Ravindir,2.0,-2.76096169E12,2.74128883E12,-73.25906,72.73709
Phe,44903.848,-6.9014499E12,6.284321E12,-183.12244,166.7477
Choo,4.0,-5.4206031E12,7.8746988E12,-143.8299,208.94662
Peephi,4.0,-9.4416604E12,7.1992953E12,-250.52434,191.02573
Den-woo,3.0,-4.8523976E12,6.6188036E12,-128.75314,175.62279
Wrowrunkeengir,4.0,-7.3286335E12,4.4350272E12,-194.45763,117.67861
Chanthuehetheivan,44654.832,-4.24635269E12,3.36161512E12,-112.672295,89.19683
Bue,4.0,-5.2729899E12,6.8924452E12,-139.91296,182.88399
Wyn,4.0,-3.8580273E10,3.4575399E12,-1.0237545,91.74203
Phin fisameehyn,1.0,-1.15271983E13,1.17338905E13,-305.86182,311.3462
Foiwechu thir,3.0,-6.9979792E12,2.94774846E12,-185.68419,78.21539
Moomedeeci,2.0,-1.17618214E13,-3.94209368E12,-312.0874,-104.59932
La,42761.598,-6.779414E12,4.20263179E12,-179.8845,111.512245
Niehe,1.0,-1.38185026E13,4.9366607E12,-366.65915,130.98906
Wheasirthirkny,44856.918,-8.972215E12,4.7670666E12,-238.06816,126.489044
Zooneman,4.0,-1.05025508E13,3.68003829E12,-278.67398,97.64597
Be,1.0,-8.6446262E12,2.52531704E12,-229.37596,67.00657
Reegoo,2.0,-8.6730238E12,5.2883651E12,-230.12953,140.32104
Kninshenngiefe,42803.88,-5.2279499E12,-9.7902166E11,-138.71802,-25.977335
Gir,4.0,-4.6956476E12,4.09720429E12,-124.59394,108.71487
Co,4.0,-6.3724564E12,2.67299376E12,-169.08635,70.92504
Wreeshyn,4.0,5.4656453E12,1.15121607E13,145.02518,305.4632
Bynrun,2.0,-3.99399374E12,-2.17161794E11,-105.97545,-5.7614794
Wrue,44770.867,-7.743469E12,1.46733751E13,-205.46458,389.34274
Chowroihiegu,3.0,-7.9394494E12,1.45156861E13,-210.66496,385.1581
Co,4.0,-7.7643671E12,1.60399234E13,-206.01903,425.60223
Nyyoihuewyn,1.0,-5.9755295E12,2.09491979E13,-158.55421,555.8648
Hei,44664.723,-1.68825822E13,4.0575961E13,-447.96115,1076.641
Knei,3.0,-1.92991902E13,4.2426132E13,-512.084,1125.7328
Gegan,4.0,-1.4054968E13,3.7056873E13,-372.93396,983.2654
Zeta Vue yo,1.0,-1.05689037E13,4.6168562E13,-280.43457,1225.0344
Nu-pho,3.0,-1.5654879E13,3.9244727E13,-415.3855,1041.3169
Wrunchue,2.0,-1.43918881E13,4.0507674E13,-381.87363,1074.8281
Jyshy,44829.098,-5.1014191E13,7.4141265E12,-1353.6082,196.72592
Tisenngue,4.0,-5.2016441E13,7.2180643E12,-1380.2024,191.5238
Xeeweijue,1.0,-5.1102255E13,7.0162527E12,-1355.9448,186.16904
Whoibize,4.0,-5.6727181E13,2.93142318E12,-1505.1965,77.78217
Geideexynwhei,44708.305,-3.78104392E14,-1.09241161E13,-10032.602,-289.85977
Gamma Wropo,4.0,-3.78052316E14,-1.06850995E13,-10031.223,-283.51794
Wro,1.0,-3.703606E14,-1.43060233E13,-9827.128,-379.5956
Quunbooyan,2.0,-3.77399313E14,-1.21161751E13,-10013.889,-321.48987
Fe,44762.285,-9.0939431E12,2.03594295E12,-241.29784,54.02174
Joo,3.0,-1.53077804E13,3.65092694E12,-406.17566,96.87344
Chan,4.0,-8.4745996E12,-2.13266465E12,-224.86443,-56.588055
Yeirelie,44732.973,5.0518831E13,-2.59421964E14,1340.4629,-6883.485
Whenphyn sha,3.0,5.2165918E13,-2.6063603E14,1384.1671,-6915.7
Ha,4.0,4.6662899E13,-2.60445793E14,1238.1511,-6910.6553
Mee,1.0,5.4396306E13,-2.56546097E14,1443.3477,-6807.188
Zoingi,42850.367,7.5022404E12,-1.47583331E14,199.06398,-3915.9683
Phoiyeife,3.0,1.17071046E13,-1.4932895E14,310.63583,-3962.287
Whoiwrun-witin,4.0,8.6256842E12,-1.47822742E14,228.87335,-3922.321
Phan,1.0,-1.09662319E12,-1.50026865E14,-29.097694,-3980.8035
Quy,3.0,4.29759031E12,-1.45598687E14,114.03206,-3863.3076
Whei,44748.254,8.4352459E10,-1.94948065E12,2.2382624,-51.72744
Ma,3.0,2.58383151E12,-5.2384104E12,68.55931,-138.99573
Knyn,4.0,2.90649512E12,-6.0284731E12,77.12081,-159.95908
Vynwingoo,4.0,7.8295446E11,-3.47165583E12,20.774925,-92.11673
Sheisir,1.0,6.5941788E12,7.7872333E10,174.9697,2.066224
Phan,3.0,8.6714732E11,-3.0382563E12,23.008883,-80.616974
Kno wroofy,44683.574,-9.2053082E12,5.0329955E12,-244.25302,133.54514
Tyfy,3.0,-7.5869869E12,9.3379877E12,-201.31267,247.77345
Theazei,1.0,-8.8501933E12,9.4195931E12,-234.83034,249.93907
Noiwhiequu,2.0,-6.4920753E12,8.8504313E12,-172.26027,234.83664
Ty,42859.05,-9.6425843E12,3.35215759E13,-255.85582,889.4597
Phunneina koi,3.0,-1.02076347E13,3.16288145E13,-270.84872,839.23694
Tue,4.0,-1.15891975E13,3.29221679E13,-307.50702,873.5547
Veisongun,3.0,-1.18843161E13,3.39391231E13,-315.33777,900.538
Rihingu,4.0,-2.55410045E12,3.7579148E13,-67.77032,997.1228
Heisie,44699.305,-3.35577937E13,-1.04619678E13,-890.4209,-277.59726
Reekinlupha shi,4.0,-3.2849898E13,-7.7172829E12,-871.6369,-204.76999
Dea zee,1.0,-2.62245964E13,-6.2784426E12,-695.84186,-166.59189
Vuthiwre,2.0,-3.35365097E13,-1.51084817E13,-889.8555,-400.8879
Heishoiyeezoi,44804.69,-7.3984492E12,6.3537477E12,-196.31007,168.58978
Penpin,4.0,-6.3486102E12,5.8060817E12,-168.45364,154.05809
Syn,4.0,-7.8201341E12,6.9822227E12,-207.499,185.2659
Zee,3.0,-2.95416313E12,1.2065445E12,-78.38478,32.01356
Reezan,44684.477,-1.47730685E13,-3.08522936E12,-391.988,-81.86336
Goi,44868.098,-4.2162503E13,-3.6288061E13,-1118.7375,-962.8662
Koixei-nir,4.0,-4.1130553E13,-3.6967757E13,-1091.3553,-980.9008
Whinpaxeidy,1.0,-4.2322591E13,-3.7133687E13,-1122.986,-985.304
Jenlu,3.0,-4.2888826E13,-3.6119819E13,-1138.0104,-958.4009
Hooyoolyrunvei,4.0,-4.4634491E13,-3.8464318E13,-1184.3292,-1020.61
Kea re,2.0,-4.1989299E13,-3.567287E13,-1114.1422,-946.54254
Zeta Knun ginxen,44705.25,-5.1113692E12,3.66689124E12,-135.62479,97.29714
Poo,4.0,-4.31233198E12,2.10783253E12,-114.423195,55.92901
Xalunpaja,1.0,1.89487399E11,5.9968444E12,5.027919,159.11984
Ceiwhyweipir,42813.312,-6.6420541E13,1.39927675E13,-1762.3992,371.2832
Sir,3.0,-6.4481917E13,1.80702256E13,-1710.9603,479.47415
Quyleijir,3.0,-6.8602128E13,2.08241741E13,-1820.287,552.5475
Zanngo,44887.227,-4.39646543E14,2.83383217E14,-11665.563,7519.274
Chin,4.0,-4.39510949E14,2.867649E14,-11661.964,7609.0044
Phie,4.0,-4.48616917E14,2.7051615E14,-11903.574,7177.8623
Shun,42683.043,-4.2226386E13,5.8270346E13,-1120.4329,1546.1425
Yeabyn,3.0,-4.4363204E13,5.9991654E13,-1177.1312,1591.8135
Butirven,4.0,-4.2115032E13,5.9332373E13,-1117.4779,1574.3232
Huecyknee,1.0,-4.2084371E13,5.9581976E13,-1116.6647,1580.946
Bei jin,3.0,-4.4592557E13,6.0324649E13,-1183.2168,1600.6501
Byn,4.0,-3.10735263E13,6.5877819E13,-824.50305,1748.0006
Xan,2.0,-4.8547286E13,6.1214839E13,-1288.1506,1624.2704
Voideeshue,44725.04,-3.69790891E12,3.75333349E12,-98.11997,99.59064
Coisuhin,4.0,-5.3027144E12,2.24532234E12,-140.70187,59.577187
Vei ngoori,4.0,-8.5299671E12,7.0512835E12,-226.33357,187.09845
Circhamoitinwru,44854.086,8.0328169E14,3.7334936E14,21314.22,9906.43
Su,3.0,8.0239807E14,3.70953809E14,21290.775,9842.877
Gevue,4.0,8.0533905E14,3.72888926E14,21368.824,9894.211
Shanlie,4.0,8.0284549E14,3.71818339E14,21302.662,9865.814
Pei,2.0,8.0282784E14,3.70324428E14,21302.19,9826.168
Voibecho,44688.836,4.3672779E13,3.24278944E13,1158.8114,860.43933
Ga,4.0,4.572806E13,3.17595153E13,1213.3466,842.70483
Shi,4.0,4.1719924E13,3.44706001E13,1106.994,914.64124
Ngexie,1.0,5.4203695E13,3.45063335E13,1438.2367,915.5885
Chihiphie,3.0,3.993516E13,3.30005154E13,1059.6375,875.63385
Tuby-jyn,42869.008,5.3934941E13,7.4107824E13,1431.1075,1966.3728
Thunnie,3.0,5.3120688E13,7.1567879E13,1409.501,1898.9777
Ngeinynknifa,1.0,4.432548E13,7.6075464E13,1176.1296,2018.5825
Cireiveexooree,3.0,5.2194099E13,7.4015264E13,1384.915,1963.9159
Luphun,2.0,5.2821899E13,7.468678E13,1401.5729,1981.7334
Phohoican,42880.582,-8.3737618E13,1.17154259E14,-2221.89,3108.5671
Murei,3.0,-8.4633983E13,1.16460412E14,-2245.6743,3090.1543
Woikinha,3.0,-8.7182828E13,1.14424304E14,-2313.304,3036.127
Tir,4.0,-7.9225722E13,1.19196273E14,-2102.1724,3162.7468
Tir,2.0,-8.6031005E13,1.16820409E14,-2282.7417,3099.7102
Zan,44857.473,-5.48411992E14,8.2768852E13,-14551.525,2196.1843
Byn,3.0,-5.44447469E14,8.1545314E13,-14446.326,2163.7175
Wriengin,4.0,-5.46899594E14,8.2507999E13,-14511.3955,2189.2625
Soman,4.0,-5.51113426E14,8.3153394E13,-14623.201,2206.387
Virhan,3.0,-5.51226639E14,8.3892539E13,-14626.221,2226.0005
Thywhee,2.0,-5.51069302E14,8.5237116E13,-14622.036,2261.677
Nun,44793.36,-5.6791684E12,5.2557901E12,-150.69066,139.45677
Thensue,3.0,-5.8739345E12,4.9565826E12,-155.85854,131.51767
Ngea,42695.402,5.18679209E14,-3.13010271E14,13762.615,-8305.3955
Chanxyquetin,1.0,5.18837015E14,-3.11928207E14,13766.786,-8276.6875
Fea-ge,3.0,5.17908967E14,-3.13505568E14,13742.156,-8318.541
Giryir,44864.527,1.0721302E14,-9.9170166E13,2844.782,-2631.3774
Joo,1.0,1.07066463E14,-9.9780814E13,2840.8938,-2647.5767
Zeawhinthei,3.0,1.03990453E14,-1.01486017E14,2759.2776,-2692.8262
Soo,2.0,1.06953838E14,-9.9083755E13,2837.9072,-2629.0806
Ru,42711.0,-5.3683872E12,2.48540876E12,-142.44438,65.94769
Whyn,3.0,-5.756937E12,7.9606506E12,-152.75423,211.22758
Yun,4.0,-1.02321367E13,-3.34210728E11,-271.49884,-8.868003
Cooquoo,4.0,6.4475675E12,6.9176546E12,171.0794,183.55261
Knee,2.0,-4.25375066E12,3.43569413E12,-112.86977,91.16219
Dirlangir,44681.48,-4.7638167E13,8.1618941E13,-1264.0283,2165.6736
Chumanyei,3.0,-4.9492204E13,7.9257154E13,-1313.2228,2103.0044
Chyngen,4.0,-5.3782025E13,7.8398269E13,-1427.0487,2080.216
Whei,4.0,-4.5284206E13,8.5307848E13,-1201.5693,2263.5535
Phin,1.0,-3.9039671E13,8.6167278E13,-1035.8757,2286.3582
Shoi,44694.082,-5.6251573E13,2.14935095E13,-1492.5764,570.3073
Mieny,3.0,-5.4868853E13,2.33417275E13,-1455.8866,619.3484
Knenmoshichir,3.0,-5.6512727E13,1.9130986E13,-1499.5059,507.6203
Tynqui,4.0,-4.847686E13,2.76598494E13,-1286.282,733.9252
Chie-koi,3.0,8.0022274E11,4.19621503E12,21.233128,111.34214
Kinphei,4.0,-1.4631549E12,3.84349897E12,-38.823288,101.983025
Voiveishun,4.0,-1.17866668E11,9.9972822E11,-3.1275592,26.526665
Wreafeeleequea,1.0,-2.4883314E12,1.97089847E12,-66.02516,52.295605
Whyn,3.0,-5.2126595E12,6.3533148E11,-138.31238,16.857784
Peeknu,4.0,-1.1358495E13,-3.49076351E12,-301.38565,-92.62375
Phuejikny,42899.203,-9.9363389E13,-2.15162238E13,-2636.5005,-570.91077
Benvoi,3.0,-9.9590812E13,-2.33847652E13,-2642.538,-620.48987
Whirquenwhin,4.0,-1.00794024E14,-1.83100391E13,-2674.4636,-485.8375
Wreiwreereishence,4.0,-1.00068208E14,-2.22745435E13,-2655.2036,-591.03174
Epsilon Feivoi,1.0,-9.239467E13,-2.22665701E13,-2451.5964,-590.8203
Shu,3.0,-9.4649646E13,-2.05809087E13,-2511.4297,-546.0929
Yoknenxyn,2.0,-1.02015347E14,-1.89142034E13,-2706.8684,-501.86823
Thyshea,44660.258,-1.61906504E12,4.14256228E12,-42.96009,109.918304
Wrenfanhun,4.0,-3.27392087E12,5.9141778E12,-86.87001,156.92635
Heipyknegyn,2.0,-7.1023985E12,5.6428803E12,-188.45454,149.7279
Yoi-zo,44683.36,-3.61465905E12,7.9222082E12,-95.91106,210.20753
Dochei,3.0,-2.77142071E12,1.37586318E12,-73.53662,36.50708
Dynsan,4.0,1.01315111E12,9.3963665E10,26.882895,2.493148
Xoo,3.0,-1.95162905E12,8.0406127E10,-51.784225,2.1335914
Knoichy,42655.133,-3.44108538E12,3.76344255E12,-91.30547,99.858925
Wreasha,4.0,-2.83879565E12,1.2327092E13,-75.324326,327.08633
Ganwathei noo,1.0,-3.98054759E12,6.00547E12,-105.619446,159.34871
Mywhunwhen,3.0,-2.81091401E12,1.87388409E12,-74.58462,49.721478
Pozeicea,4.0,-6.5684242E12,5.4595137E12,-174.28627,144.86232
Yo,89745.26,-8.1202446E11,3.6836685E13,-21.546114,977.42224
Yynphea,4.0,-3.15298048E12,2.88755574E12,-83.660934,76.618126
Kue,1.0,-6.0800033E12,1.89359797E12,-161.32808,50.24739
Sea,3.0,-1.41958447E12,-3.5817531E11,-37.667095,-9.503748
Wunjyngishi,4.0,-2.55013945E12,2.83176468E12,-67.66509,75.13782
Sei,2.0,4.18123114E12,-6.7341559E12,110.94466,-178.68393
Hoivunnirei,42707.285,-4.4279509E12,4.23110089E12,-117.49094,112.26777
Duze,4.0,-5.340537E12,5.6995448E12,-141.70538,151.23126
Theta Thirry,3.0,-6.9781417E12,6.8659729E12,-185.15753,182.18118
Peethen,42814.254,-2.35543204E14,1.13994388E13,-6249.8965,302.4721
Fuesheewhei,1.0,-2.33981983E14,1.49546053E13,-6208.459,396.80444
Cheajirthiejei,3.0,-2.35044266E14,1.73867249E13,-6236.6475,461.3382
Xoogyn,42695.17,-1.81490169E12,1.98004625E12,-48.156334,52.53834
Wanknirthenxea,4.0,-4.38394028E11,1.16159624E12,-11.632263,30.821604
Wrinyanmiezuquun,2.0,-3.40717208E12,3.17674042E12,-90.405685,84.29135
Gingoi coi,42905.35,-4.25200058E12,3.47357944E12,-112.82226,92.16753
Pen,4.0,-3.81054353E12,2.29961184E12,-101.10875,61.017746
Xirhica,3.0,-2.30137371E12,1.51457177E13,-61.064453,401.87552
Dingea,2.0,-4.9546165E12,5.6129912E12,-131.46555,148.93471
Knea,44657.508,3.12003684E13,1.06052926E14,827.8697,2814.0012
Hensi,3.0,3.10040058E13,1.07769017E14,822.6587,2859.5366
Shee nenwrynquun,4.0,3.5979142E13,1.06089375E14,954.6683,2814.968
Ngushyn,4.0,2.97265508E13,1.05393448E14,788.76276,2796.5017
Tee,2.0,2.5642213E13,1.05676571E14,680.38947,2804.0146
Munfee,42674.93,-4.28976007E12,4.4071214E12,-113.824326,116.93831
Whoibei,4.0,-2.36987508E12,2.46111404E12,-62.881954,65.303
Wroo,4.0,1.31242477E13,4.7215411E12,348.23822,125.28105
Virmundirdo,3.0,-2.0443648E13,-1.15859773E13,-542.4508,-307.42212
Hunknunmei,4.0,-3.54779922E12,2.23704305E12,-94.136955,59.35751
Birmecynkeichu,2.0,-7.2032059E12,5.1391203E12,-191.12897,136.35973
Pir,42851.27,-3.44792157E12,1.80795304E12,-91.48687,47.9721
Wrea,3.0,-8.1828501E12,5.973835E12,-217.12338,158.50926
Ninchea,4.0,-4.15278144E12,4.449831E12,-110.18907,118.07182
Kancheepha,1.0,5.7850698E12,5.7246818E12,153.50081,151.89851
Rinthirbooxenzun,4.0,-9.713723E11,3.32439172E12,-25.774086,88.20881
Ly,44821.68,-3.24884313E12,2.06259408E12,-86.20459,54.72884
Knuncue,3.0,-4.2940601E13,4.5114042E11,-1139.3832,11.970482
Fuekni,4.0,-4.00200067E12,1.66370463E12,-106.188736,44.14464
Quysyn,4.0,-1.07088257E13,5.30333794E11,-284.14716,14.071805
Shynyen,3.0,-8.2763883E12,-2.13046945E12,-219.60532,-56.52977
Fue,4.0,-7.60848E12,2.82598022E12,-201.88315,74.984375
Ny,42729.793,-1.37480362E13,-1.21539438E13,-364.78928,-322.49194
Theivoi,3.0,-1.27899837E13,-1.40337375E13,-339.36844,-372.37057
Zan,4.0,-1.53960894E13,-1.28735783E13,-408.51907,-341.58676
Shu,1.0,-1.56604385E13,-1.08489626E13,-415.53336,-287.86606
Phyn,132252.16,-4.5942655E12,2.15677233E12,-121.9039,57.227688
Sideenue,3.0,-1.13199489E11,5.2702059E12,-3.0035732,139.83922
Kuwhichiequu,4.0,-5.63587E12,-2.85500375E12,-149.5419,-75.75451
Koowin,3.0,-1.18795471E13,1.06602776E13,-315.2112,282.8592
Fir,1.0,-4.8108253E12,2.07704988E12,-127.65565,55.110268
Viewheixoiwoo,2.0,7.5599889E13,-3.38458606E13,2005.964,-898.06366
Menlungeirei,44682.41,5.3514737E12,3.07697581E13,141.99574,816.4423
Lanxunshy,4.0,-4.04990119E12,3.16867635E12,-107.45989,84.07748
Nensivir,3.0,-1.83391371E13,-2.22066298E12,-486.60983,-58.92296
Mufan-tiehun,2.0,-7.042454E12,3.73505917E12,-186.8639,99.10584
Xeaxooknaden,4.0,-4.7832184E12,2.47645445E12,-126.91754,65.71
Deicoiseiwhe,87323.19,-3.7796669E13,1.46938654E13,-1002.8953,389.8861
Birleechin,3.0,-3.29188822E12,5.4604899E12,-87.34667,144.88834
Mee,44774.496,-9.4880987E12,7.3860089E12,-251.75655,195.97992
Vagen,3.0,-1.82405143E13,1.14043849E13,-483.9928,302.60358
Wreiknueroo,4.0,-4.15337572E12,3.19323452E12,-110.20534,84.72915
Chunloi,1.0,-2.18938343E12,8.3849291E12,-58.092968,222.48526
Zuthen,3.0,-2.38512578E13,9.5363531E12,-632.8675,253.03706
Joorueryntei,2.0,-2.83463411E12,3.21406501E12,-75.21391,85.28174
Nen,42906.92,2.74534892E12,5.36895947E11,72.84505,14.245895
Zeta Birpu,4.0,-1.09906179E13,5.3827317E12,-291.62442,142.82513
Phunnenceawhea,4.0,-7.7948739E12,5.1905152E12,-206.82863,137.72482
Nopeigei,2.0,-3.85574135E12,8.8393246E11,-102.30789,23.454203
Kneegiekna,1.0,-9.1411291E12,3.54064898E12,-242.55017,93.94741
Ceeve-ya,4.0,-1.8824655E12,1.07293029E12,-49.948765,28.468813
Knea,2.0,-4.5449882E12,7.1296578E12,-120.5965,189.17798
Bir,132398.72,-1.6179081E13,-7.8277939E12,-429.29492,-207.70248
Zyxu,4.0,-3.28032164E12,4.23467339E12,-87.039825,112.362495
Epsilon Mieyinchie,4.0,-3.23228402E12,6.3843525E12,-85.765144,169.40187
Bu,1.0,-2.41252932E12,-1.01061886E12,-64.01393,-26.81583
Run,3.0,-3.63043199E12,4.28325863E12,-96.32971,113.651634
Piewhooga,4.0,-7.6337427E11,3.1784614E12,-20.254833,84.33585
Shei,2.0,-7.7386115E12,2.57535404E12,-205.33597,68.33427
Zythunke,3.0,-7.1984632E12,3.71284745E12,-191.00342,98.51639
Ngengei,3.0,-3.95806795E12,-4.6311306E11,-105.02314,-12.288222
Nu Nguephirquu,3.0,-3.23779533E12,8.1567692E11,-85.91134,21.643099
Lei,130386.03,1.19634683E12,1.37850729E13,31.743881,365.7723
Phynhoo,3.0,-8.6278936E12,8.5846194E12,-228.93219,227.78406
Dee,4.0,-1.71931835E12,7.4747132E12,-45.620186,198.33366
Ngunyiengy,2.0,-1.20090966E13,2.09620383E12,-318.6488,55.62049
Kaviegi,4.0,-1.67042718E13,-8.0692943E11,-443.23016,-21.411062
Loo,3.0,2.51094966E13,-3.9829203E13,666.2537,-1056.8252
Zewhynngu,4.0,-1.07428299E13,1.56444328E12,-285.05133,41.509342
Fuwoo,3.0,-1.82115094E12,4.21120678E12,-48.32218,111.73981
Knybingan leashea,87501.78,-9.8931562E12,1.03494273E13,-262.50443,274.61102
Kneaxy,4.0,-8.0674889E12,6.1326832E12,-214.06218,162.72423
Lei,3.0,-7.880381E12,9.1414415E12,-209.09767,242.55855
Tu,2.0,-7.8214762E12,9.8272144E12,-207.53473,260.7547
Wheefei,44792.348,-3.7542267E13,3.22907071E13,-996.1449,856.80035
Lie,2.0,1.79190062E14,-4.7040394E13,4754.623,-1248.1671
Iota Huwheihanzi,42670.824,1.42058874E13,-7.6978617E12,376.9386,-204.25484
Cyndenvyn,4.0,-3.33730126E12,4.8347548E12,-88.55173,128.28502
Rir-voifeilu,1.0,-1.81056255E12,9.8250955E11,-48.040306,26.069414
Cenbooshie,4.0,-4.9588947E12,4.4924236E12,-131.58177,119.20344
Beiwu,2.0,-1.6496809E13,-1.78999033E13,-437.72565,-474.95502
Hume,42761.07,-8.7138611E12,6.1155783E12,-231.2132,162.27039
Ninphuken,3.0,-4.7250287E12,3.07287713E12,-125.37348,81.535484
Munthi-dan vaknin,4.0,-3.66235143E12,2.715022E12,-97.17661,72.04015
Due,3.0,-3.92219276E12,6.2596647E12,-104.07124,166.09361
Knarunngun,89491.484,7.0648705E12,-7.1754816E12,187.45879,-190.39386
Caknoo hei,4.0,1.08995097E12,1.91407587E11,28.920778,5.0787244
Sue,1.0,-2.64536641E12,-9.1918185E11,-70.19188,-24.389572
Po,44867.613,1.02488329E12,1.30644469E12,27.194174,34.665077
Thoiloi,4.0,-2.24723023E12,-1.15605438E11,-59.62772,-3.0675607
Quea,42895.453,-2.86431369E13,4.6377246E13,-760.01605,1230.5719
Pheachoo,3.0,-3.03230815E13,4.4536877E13,-804.591,1181.7391
Tirbunpin bea,4.0,-3.02797858E13,4.4547371E13,-803.44135,1182.0173
Juncuyi-wee phue,4.0,-1.41728573E13,5.6484021E13,-376.06165,1498.7449
Pheingen,44679.902,-1.82428185E12,9.4894377E12,-48.405308,251.7923
Jiknirwirngeran,3.0,-5.3176388E12,7.0764195E12,-141.09796,187.7653
Shooheifiho,4.0,-5.2610548E10,9.0658319E12,-1.3958982,240.55246
Yun,4.0,2.9141804E12,1.10505713E13,77.32475,293.21536
Sawhanphie,2.0,4.38276653E11,1.0601247E13,11.629273,281.29285
Soo,42901.035,-4.31331607E12,2.34300611E12,-114.449326,62.16912
Tinshyvue,4.0,-6.7531676E12,-3.10220633E12,-179.1883,-82.31382
Niegue,4.0,-9.4833561E11,2.59956146E12,-25.162844,68.976814
Wran,1.0,1.22561443E12,6.1165394E12,32.520527,162.296
Wrenquir,85507.125,-1.52717786E13,2.47000654E13,-405.22034,655.39014
Zue,1.0,-2.17646354E12,3.33422998E12,-57.750107,88.47025
Xuega,2.0,-1.91398321E12,4.21222128E12,-50.785164,111.76737
Seenginzynmen,42786.742,-1.00638508E13,8.7452077E11,-267.03378,23.204397
Dea,3.0,-1.59512779E13,7.049242E12,-423.25006,187.04437
Shennenruyooyo,42864.555,2.2293174E12,5.1944982E12,59.152657,137.8305
Nei,3.0,1.65450836E12,4.5372093E12,43.90067,120.38991
Ty,4.0,2.00560148E12,5.0473148E12,53.21662,133.92513
Quinthir thinshoi,2.0,2.62854332E12,2.52876318E12,69.745674,67.09803
Wrin wrooriyo,42773.297,6.8785207E12,1.83515396E13,182.51457,486.9384
Chu,3.0,6.9654654E12,1.84493235E13,184.82127,489.53323
Ji,4.0,6.5673715E12,1.90545993E13,174.25838,505.5939
Kennguequirthie-chen,4.0,1.77377095E13,2.90851704E13,470.652,771.74524
Noo,2.0,7.228786E12,2.0052936E13,191.80817,532.08374
Heyiryue,44813.965,-1.6848692E14,3.14333158E13,-4470.6226,834.0502
Phuefisha,1.0,-1.68728998E14,3.07698126E13,-4477.046,816.4453
Jan,4.0,-1.72277128E14,2.03716485E13,-4571.1934,540.54034
Ngeiwrun wrei,44763.848,-1.23048808E14,1.12049584E13,-3264.9724,297.31168
Gie,4.0,-1.20327728E14,1.13928988E13,-3192.7705,302.29868
Knazaneijinde,1.0,-1.18846426E14,1.26878839E13,-3153.4636,336.65958
Man,3.0,-1.32912905E14,1.34477418E13,-3526.7053,356.82166
Queigo,2.0,-1.23069251E14,1.30192371E13,-3265.5132,345.45175
Ginshu thy,128356.69,-1.21163187E13,3.5785163E10,-321.49377,0.9494772
Wroiveequiwue,3.0,-1.41956769E12,1.60885965E12,-37.666817,42.689754
Zujapunwan,4.0,6.7006838E12,7.2318053E12,177.79579,191.88846
Wanpe,2.0,-1.86286211E12,9.6414403E12,-49.429035,255.82559
Knoyyn,3.0,-3.49693621E12,-3.08631778E12,-92.78752,-81.892296
Tirheavir-hir,44881.004,-3.21993022E12,1.729505E12,-85.43766,45.890373
Quooquyn,4.0,-6.6077479E12,1.70710231E12,-175.32945,45.296135
Bei,1.0,4.493404E12,1.1215679E13,119.22773,297.59604
Lambda Yie,4.0,-8.7309198E12,1.13744806E12,-231.6657,30.180939
Dookir,2.0,-1.0984123E13,3.69972635E12,-291.45212,98.168304
Miexi,4.0,-6.823947E12,-7.4597774E11,-181.06628,-19.793783
Cenxithi,3.0,-1.12253353E13,1.85013069E12,-297.85233,49.09125
Feigeacingeevee,44773.734,-1.05023212E13,2.11878622E12,-278.66788,56.219692
Ngynfunfiecei,1.0,-5.914138E12,7.3166781E12,-156.92534,194.1404
Muequan,4.0,-5.283991E12,7.697736E11,-140.20508,20.42509
Ha,44729.656,7.9341748E11,7.9034909E11,21.051788,20.968788
Janchiry,4.0,-6.1964996E12,1.00460082E13,-164.4192,266.56302
Dundiengei,42898.6,-1.92416108E13,-3.16975046E13,-510.55588,-841.06024
Kei-quoi,3.0,-1.98135524E13,-2.62428269E13,-525.7317,-696.32605
Zeta Yuekeiwiwhogue,4.0,-2.05308224E13,-2.86806738E13,-544.7634,-761.01154
Kyyin,262302.34,3.32204291E12,-7.5747E10,88.14703,-2.009941
Phithir,4.0,-1.95959141E12,-3.41494339E13,-51.995613,-906.1192
Nen,3.0,-1.80197917E12,4.052443E13,-47.81358,1075.2734
Wirxir,42854.992,-1.79685609E12,9.6914204E11,-47.676945,25.714996
Knoo-so,3.0,2.6155006E12,1.6209756E13,69.39963,430.10916
Dee,4.0,-6.9643298E12,6.8036702E12,-184.79086,180.52817
Wuecy,42719.934,7.2811466E11,8.8556165E12,19.319813,234.9742
Voo,3.0,4.11754365E11,-7.9593231E12,10.925545,-211.19217
Sin,4.0,-1.80274554E12,8.5753725E12,-47.833885,227.53857
Queigentutha,4.0,-5.9113813E12,-7.9920051E12,-156.85225,-212.05927
Kneivueshue,3.0,-7.6954322E12,-2.20801925E10,-204.19023,-0.5859169
Xojenvea,4.0,-1.59132103E13,-7.3171977E12,-422.24026,-194.15437
Yoi,3.0,-4.28807632E12,2.13890027E12,-113.779144,56.753403
Vunfakinphyn,4.0,-1.04197915E12,3.58723958E12,-27.64768,95.183495
Bumawue,1.0,-3.49391657E12,-3.67298937E11,-92.70737,-9.745908
Tujun,4.0,2.16404738E11,3.88098163E11,5.742004,10.297759
Po,2.0,-7.1897302E12,2.55298136E12,-190.77191,67.74064
Muboixo,1.0,3.26477729E12,-1.90760183E12,86.62759,-50.6163
Hynquynrea,4.0,1.64685755E12,-1.31442011E13,43.6977,-348.76736
Ci,42682.883,-1.59383038E13,3.9475434E12,-422.9063,104.74387
Kneeknie,4.0,-1.69351641E13,1.98778238E12,-449.35645,52.743683
Xeimewrun,4.0,-1.86439497E13,2.43497356E12,-494.69788,64.60945
Kniveixir,3.0,-1.57959607E13,1.44633089E12,-419.12878,38.376804
Nuereapir,3.0,1.21219632E12,3.84435854E12,32.164383,102.006035
Whansha-shin,4.0,-2.76301283E11,1.41778118E12,-7.331259,37.619194
Lo,1.0,3.76647634E12,3.36447721E12,99.93957,89.272865
Thie,3.0,-2.22947076E12,6.4974037E12,-59.15664,172.40181
Li,4.0,3.4919678E12,3.14843228E12,92.65571,83.5403
Wiryisyn,44756.26,-9.2791101E12,2.07322494E12,-246.21147,55.01075
Que,3.0,-1.5028337E13,5.3601963E12,-398.76102,142.22713
Rirkneechan,3.0,-2.21741318E12,-7.548902E12,-58.836643,-200.30211
Chuewhy,2.0,-2.34246347E12,-3.55904284E12,-62.154713,-94.43553
Lue,44793.203,2.41179946E13,1.5403571E12,639.94586,40.871746
Wrynmuewran,4.0,2.72668201E13,2.12605482E12,723.4957,56.41262
Chen,4.0,2.60330739E13,2.92038744E12,690.76056,77.48938
Venquen,1.0,2.42700591E13,1.9734026E12,643.9802,52.362103
Soowoo,44831.492,-8.7115031E13,1.00820761E13,-2311.5063,267.51712
Yi,3.0,-8.6610398E13,9.6109593E12,-2298.1165,255.01666
Wre,3.0,-8.6828644E13,1.06159355E13,-2303.9053,281.6827
Choi,4.0,-1.00517812E14,6.0250988E12,-2667.136,159.86949
Munso,85428.42,2.94958387E9,2.24567671E13,0.07833984,595.86633
Lue,3.0,-7.7917397E12,1.25984039E11,-206.74565,3.3428113
Fu,1.0,-9.0328269E12,1.1268695E12,-239.67647,29.900265
Dyngun hue,2.0,-9.8508839E12,1.9894909E12,-261.38278,52.788994
Leiphepietue,42682.684,5.0070607E13,1.52385107E12,1328.5706,40.43373
Rooknyn,4.0,5.2267982E13,9.2826213E11,1386.8772,24.630438
Guntoothugun,1.0,5.0250614E13,2.38942657E12,1333.3478,63.400867
Dychulei,4.0,5.2374199E13,2.0388167E12,1389.6936,54.09777
Shie,44682.887,6.6741375E12,9.1607081E12,177.0912,243.06949
Wy,4.0,3.94287356E12,1.36676156E13,104.62005,362.65533
Coiwhen,4.0,8.0046127E12,1.20674939E13,212.39403,320.1985
Peitiedei,1.0,1.00721513E13,1.32997941E13,267.25385,352.8958
Xosha,3.0,4.7944449E12,5.4259776E12,127.21558,143.97264
Huweideephir,42770.453,2.40812976E12,8.6910304E11,63.897297,23.060692
He seiva,4.0,4.0705023E12,1.13270766E13,108.00659,300.55215
Banyi,42894.043,-1.73386367E11,2.14652551E12,-4.600756,56.956017
Nangyxy,4.0,4.8012329E12,-7.3532645E12,127.39581,-195.1113
Mequei,1.0,9.1330781E12,9.7235428E12,242.33673,258.0039
Cun,2.0,6.7433173E12,3.06241339E12,178.92705,81.2579
Quynjoishunwry,44677.484,6.7098069E12,9.0121343E12,178.03784,239.12749
Yun,4.0,7.1375625E12,9.2512987E12,189.3878,245.47351
Jinpieleateibei,1.0,7.8370759E12,4.8084497E12,207.94847,127.587
Xeahirjue,42892.527,-6.3057811E12,-2.15896909E12,-167.31728,-57.286
Veihynchea,4.0,-3.75817844E12,1.27726702E12,-99.719246,33.890915
Ru,1.0,-7.0042518E12,4.37906126E12,-185.85118,116.194466
Ry,42832.457,-1.78436199E13,1.83800444E12,-473.46185,48.769444
Neire,4.0,-1.80758858E13,-1.98331777E11,-479.6245,-5.262581
Pooshoingoshu,1.0,-1.5919506E13,3.56577942E12,-422.40756,94.61418
Wrie,4.0,-2.25980265E12,2.09768907E11,-59.961254,5.5660443
Hooxoi,1.0,-2.05491313E12,2.14372437E12,-54.52485,56.8814
Whuewringiepeiroo,3.0,3.82326302E12,1.45199176E12,101.44626,38.52703
Sochea,89594.34,-3.6379925E13,1.00781961E14,-965.30347,2674.1445
Ciewrenfooravan,4.0,1.50514421E12,-2.92801741E12,39.937504,-77.69183
Seeyoo,4.0,-3.92015066E12,8.3556786E10,-104.016975,2.2170124
Du,1.0,-1.137088E12,6.5412111E11,-30.172249,17.35666
Kinrei,44782.965,5.8187648E12,2.21227647E12,154.39476,58.70042
Rokyxe,4.0,4.9398006E12,4.4421806E12,131.07254,117.86857
Lu,2.0,7.4698043E12,-2.23593549E12,198.2034,-59.328262
Queiwrinquee,44680.668,-1.67948924E12,9.0122171E12,-44.563385,239.12975
Jenphunjekiecy,3.0,-1.11654584E11,1.58664491E13,-2.9625666,420.99976
Ngun,85393.31,-2.814184E12,-2.11922833E12,-74.67133,-56.231552
Wirhun,4.0,-9.2938416E12,2.75193109E13,-246.60217,730.1959
Shiewry,4.0,-5.5595389E12,-1.62362111E12,-147.5164,-43.08112
Cherin min,3.0,4.5588346E12,-2.24371622E11,120.963936,-5.953514
Phi,4.0,1.97038021E13,9.9924899E12,522.81964,265.14017
Zy syn,44841.516,1.13115304E13,-2.22465234E13,300.1398,-590.28827
Yiwri,4.0,2.65901614E13,2.61796423E12,705.5416,69.46487
Wrun,2.0,2.82712259E13,-1.12791794E12,750.1471,-29.92816
Knashe,42733.973,3.16197506E13,2.67453779E12,838.9972,70.96598
Shun,3.0,3.35723018E13,-4.7882028E12,890.80646,-127.04988
Rocei,1.0,3.3886235E13,1.93001384E12,899.1362,51.210857
Rueque,2.0,3.8042341E13,8.2469905E12,1009.4144,218.82542
Syn,42703.83,-3.15115936E12,1.96980743E12,-83.612854,52.26682
Fanquei,4.0,-2.22272605E12,-6.8896686E11,-58.977566,-18.281008
Quiecoithin be,2.0,-1.05423663E13,2.1847687E13,-279.73096,579.70575
Mun,3.0,-2.48903883E13,-1.86846051E13,-660.4404,-495.7762
Wrin,3.0,-5.10390731E11,4.35314649E12,-13.542624,115.50608
Can,44785.12,2.39562538E14,1.01075701E13,6356.5444,268.19373
Shawen,4.0,2.40392524E14,9.6949491E12,6378.566,257.24518
Mekanbymoo,4.0,2.38773791E14,1.04565834E13,6335.6074,277.4542
Cenxy geizynwei,3.0,2.43923339E14,4.8639346E12,6472.2495,129.05934
Xyn,42825.336,4.1005819E13,-2.33573319E12,1088.0514,-61.979134
Peewha,4.0,3.7984645E13,7.7770848E12,1007.8823,206.35687
Lea,1.0,3.06541337E13,1.92932269E12,813.3754,51.1925
Quo,4.0,2.4798361E13,-1.55248663E12,657.99884,-41.193676
Ly,2.0,3.00791911E13,2.8756371E12,798.11957,76.302025
Zun,44867.42,-3.5385208E13,-7.0686888E12,-938.90985,-187.56047
Whenpu-fynquea,4.0,-3.28618895E13,-6.022404E12,-871.95514,-159.79813
Kinknyshi-thirnge,1.0,-3.5534559E13,-8.6628174E12,-942.8723,-229.85866
Wynpun,3.0,-3.8116958E13,-5.6632169E12,-1011.39386,-150.26755
Sinnei,4.0,-3.9259688E13,-1.46544137E13,-1041.7153,-388.83957
Quuelee mee-ryn,44694.113,-6.4043704E13,2.16482668E13,-1699.3334,574.41345
Queiwhecun,4.0,-6.2932109E13,2.03044956E13,-1669.8376,538.7581
Di,1.0,-6.9138509E13,1.79851714E13,-1834.5176,477.2174
Vee,3.0,-6.3611423E13,2.06353381E13,-1687.8628,547.53687
Fenginshu,4.0,-5.4234943E13,1.77299815E13,-1439.0663,470.44672
Zeiroowei,2.0,-6.3656704E13,2.41009615E13,-1689.0638,639.4939
Junjoiqueiceinen,42864.094,-1.54917378E12,7.9101E13,-41.10562,2098.8623
Boinguthun,3.0,-8.0375533E11,8.0005166E13,-21.32672,2122.8528
Hooshue,4.0,-4.4659287E12,8.4535115E13,-118.498566,2243.0505
Juquooseinue-thy,4.0,1.99723765E12,8.0193775E13,52.994656,2127.8567
Cee,1.0,-1.01987679E13,8.5569657E13,-270.61343,2270.5007
Cyn,2.0,-2.53961883E12,8.1365798E13,-67.38606,2158.956
Jir,44849.258,-4.8891685E13,-1.62341302E13,-1297.2888,-430.75583
Mei,1.0,-5.350484E13,-1.54660682E13,-1419.6937,-410.37607
Yirry,3.0,-4.8304994E13,-1.79533408E13,-1281.7219,-476.3732
Ku,4.0,-5.2789745E13,-1.88860995E13,-1400.7211,-501.12286
Dan thin knoo,44856.445,-2.68042517E14,-2.42728336E13,-7112.2305,-644.05414
Hasoisuyoo,3.0,-2.71657051E14,-2.44930828E13,-7208.1406,-649.8983
Coiwro,4.0,-2.67077324E14,-2.13345139E13,-7086.616,-566.08905
Cinthan,4.0,-2.73731788E14,-2.9092609E13,-7263.1885,-771.94226
Boilanyue,44895.414,-2.8061118E12,1.0984836E13,-74.457146,291.47104
Feako,4.0,1.41626606E11,1.0827126E13,3.7579877,287.28625
Zee-nanjusyn,4.0,-2.55026528E12,9.3134279E12,-67.66855,247.12186
Whunwroidy,1.0,-3.43613637E12,9.2603406E12,-91.17425,245.71336
Ngiluefoo,42841.99,-2.34464264E11,1.21583449E12,-6.2212334,32.26089
Ngeiduchan,4.0,2.13328413E11,3.35020845E12,5.6604114,88.89417
Pun,44749.86,1.53212672E13,1.71089068E12,406.53372,45.396618
Phie,4.0,1.39526909E13,2.92502589E10,370.22025,0.77607596
Chikooleiyei,1.0,2.50843958E13,2.31082793E12,665.5884,61.315315
Kywi,85519.78,1.31182562E13,1.32080992E12,348.0793,35.04628
Firgei,4.0,1.92929294E12,-1.67625766E12,51.191833,-44.477825
Fynpei,4.0,4.558777E12,-5.5959565E12,120.96233,-148.48286
Keaphinsyn,1.0,4.6587015E12,-7.1740833E12,123.61386,-190.3569
Ry-goi,3.0,1.17892029E13,-7.3604813E12,312.81467,-195.30309
Zan,4.0,-9.4330893E12,1.41536618E12,-250.297,37.55523
Wruetyn,2.0,1.26327233E12,3.31056179E12,33.519646,87.84213
Rea,42821.234,6.0964293E12,1.08221243E13,161.76236,287.1536
Renninjoo,4.0,-6.2860834E11,7.8195395E12,-16.679398,207.48326
Canngin,2.0,-1.68740192E12,2.09327384E12,-44.773308,55.54276
Zeiseagu,1.0,4.8406748E13,-1.38161716E13,1284.4226,-366.5977
Vu,1.0,2.44148779E13,3.04073566E12,647.8228,80.68264
Quei ve,3.0,2.41820332E13,4.02703358E12,641.64453,106.85307
Seiwrun,42876.094,-7.4729469E12,7.5779985E12,-198.28664,201.0741
Phueke,3.0,-6.6969592E12,-6.4526739E11,-177.69684,-17.121532
Quooqui,4.0,-1.44733991E13,4.8338127E12,-384.0366,128.26003
Heevyxen,4.0,-5.1889586E12,4.00012083E12,-137.68341,106.13886
Cezinby,1.0,-3.76120987E12,1.1623098E12,-99.79956,30.840622
Xie,3.0,-6.2534729E12,6.638606E12,-165.92917,176.14828
Peazun,44841.32,-4.4353255E13,5.5829059E13,-1176.8673,1481.3657
Ceakneasannei,3.0,-3.01220338E12,8.4382937E12,-79.925545,223.90123
Wenchee,44825.836,-7.1154821E12,6.8244131E12,-188.80162,181.07845
Wrenbeinyleibi,1.0,-6.2052064E12,5.2892108E12,-164.64848,140.34367
Wheityzue,4.0,-1.13779042E13,9.4655281E12,-301.9008,251.15773
Ra,44785.727,-2.10936988E12,3.13933038E12,-55.969772,83.29876
Seifuheipunshee,3.0,-7.2729478E12,-1.54772845E12,-192.97992,-41.06741
Reesunxun,4.0,-2.0606453E12,1.59630308E12,-54.676903,42.35608
Sirvun,2.0,-3.4895891E12,1.41163522E12,-92.59238,37.456245
Kniewue,44678.45,1.16312894E13,-4.05956408E12,308.6241,-107.71649
Gei,4.0,6.9899612E12,-2.4508435E12,185.47139,-65.03065
Yirhenrir,44876.293,-1.88236127E13,-1.49465407E13,-499.4646,-396.59103
Gyneichyn,3.0,-2.2223805E13,-1.63246265E13,-589.68494,-433.15692
Shie,1.0,-1.89549825E13,-1.61209427E13,-502.95068,-427.752
Biedirzie,3.0,-1.70206324E13,-1.49531478E13,-451.6244,-396.76614
Voo,44774.535,-3.3168826E12,1.23217736E13,-88.00991,326.94522
Jewancan,4.0,-1.90580064E12,1.67642058E12,-50.568222,44.482
Jy,4.0,-5.1031815E11,2.48847322E12,-13.5404625,66.02847
Kenyeawirquehin,4.0,5.5438744E11,-3.01350047E12,14.71016,-79.96013
Vei,3.0,5.2078513E12,-1.00028305E12,138.1849,-26.5415
Ngie,3.0,2.07542338E11,9.8792315E11,5.506886,26.213419
Knen,2.0,-5.9417124E12,4.6777033E12,-157.65697,124.11783
Gysiewhieknee,221669.22,1.36182109E13,-1.96109025E13,361.34482,-520.3549
Keigu,1.0,-6.1013366E12,5.2232842E12,-161.89247,138.59433
Whei,3.0,1.36885442E13,-1.82436244E13,363.21088,-484.07535
Vaquynge,42784.344,-5.6548039E11,6.5856373E11,-15.004427,17.474108
Nguewe,3.0,-4.04098725E12,9.8247475E11,-107.223305,26.068905
Phoi kea-ji,4.0,-3.89550152E12,2.89578811E12,-103.36298,76.83661
Pha,44722.195,-1.10836815E14,1.25117116E13,-2940.9402,331.98502
Yo,1.0,-1.06320062E14,1.58623817E13,-2821.094,420.89178
Hen,3.0,-1.12053725E14,1.02077049E13,-2973.2285,270.85068
Wra knie,44747.03,4.4235044E12,7.6277544E12,117.37321,202.3946
Loixifiryun,4.0,-3.70647263E12,1.02990204E12,-98.34718,27.327322
Nuphee,4.0,-2.03430534E12,1.95690876E12,-53.97794,51.92448
My-rikni,1.0,2.11823428E12,4.74824671E11,56.205166,12.598963
Ven,4.0,1.53821037E11,-7.3474412E12,4.0815454,-194.95657
Jun,2.0,-2.43718501E12,-1.81180747E12,-64.66808,-48.074432
Birro,44852.535,-1.38686994E14,1.50983861E13,-3679.914,400.61993
Zee,3.0,-1.35718525E14,1.35385653E13,-3601.1504,359.23135
Whir,4.0,-1.36726635E14,1.3352853E13,-3627.8967,354.30368
Hythenwho,3.0,-1.38520178E14,1.3773353E13,-3675.4875,365.46155
Vyn,44847.08,-5.9169227E13,3.54925989E12,-1569.9922,94.175766
Cen quanshin,3.0,-6.0650261E13,1.02719259E11,-1609.2915,2.7254977
Ceifoijen,4.0,-5.7726965E13,9.5003404E11,-1531.7242,25.208124
Wreary,4.0,-5.4655271E13,4.36217682E12,-1450.2196,115.74575
Wue,1.0,-5.8856751E13,3.90019704E12,-1561.703,103.48763
Xynfufeedun,3.0,-5.6640464E13,3.08906872E12,-1502.8961,81.96518
Shyquoo,4.0,-5.7706526E13,3.29954912E12,-1531.181,87.55009
Bun,42756.426,7.0578612E12,4.5894562E12,187.27303,121.7763
Peengin,4.0,-2.88700498E12,-1.36464905E12,-76.60358,-36.20954
Chen,1.0,-1.58970898E12,-5.35249388E11,-42.181137,-14.202251
Benir,3.0,-5.4596007E12,-7.7795977E11,-144.86467,-20.64239
Nei-wiquu,2.0,2.76665631E11,3.08303102E12,7.3409715,81.804924
Poiroi,42761.168,-1.26913253E13,-3.20396025E13,-336.7509,-850.13715
Dir,3.0,-1.25995865E13,-3.12741315E13,-334.31653,-829.8267
Kne,4.0,-1.0556023E13,-2.73026772E13,-280.09283,-724.4483
Roi,4.0,-1.40525993E13,-3.46314328E13,-372.87115,-918.9088
Mokynsenrei,1.0,-1.82126788E13,-3.45156008E13,-483.25394,-915.83496
Wrirchie,3.0,-1.15845376E13,-3.5531354E13,-307.38348,-942.7875
Kueshie,3.0,-2.19245458E12,5.5174633E12,-58.17441,146.4
Xee,4.0,-1.27252863E12,4.43298415E11,-33.76556,11.762904
Kneazei-sobu,175173.08,-4.6166269E12,6.1336998E12,-122.49726,162.75107
Fedeitanpie,4.0,-2.08255936E12,1.79846185E12,-55.258854,47.72172
Konichue,2.0,-7.849731E11,3.61129889E12,-20.828352,95.821754
Len,3.0,-1.72310229E13,-9.9617352E12,-457.20734,-264.32437
Whee,4.0,8.9461495E12,1.56940514E12,237.3767,41.64245
Choikuvy,4.0,-4.21265434E12,3.6072506E12,-111.77837,95.71445
Vu,3.0,-3.26196055E12,5.9399413E12,-86.55255,157.60997
Ree,4.0,-8.422996E12,2.99616017E12,-223.49536,79.49993
Thuncie,1.0,4.7629599E12,4.38074606E11,126.380226,11.623799
Theenoo,3.0,-4.803512E12,7.5372062E12,-127.45603,199.99173
Jeayajen,2.0,-5.570052E12,6.2183666E12,-147.79541,164.99767
Gin,4.0,-4.4833403E12,1.9746045E13,-118.96065,523.9407
Ngoknoo,4.0,-5.2432522E12,-4.03001783E12,-139.12411,-106.93243
Yi,4.0,4.4681931E12,3.25852856E12,118.55888,86.461586
Ngutheekanwhi,217830.44,-2.57984551E13,4.7532399E13,-684.5346,1261.2231
Wreaci,1.0,3.05340487E13,-6.5959656E12,810.18915,-175.01694
Pe,3.0,-1.3216535E13,-1.91125429E12,-350.6865,-50.71321
Soitootirxunsoo,4.0,-7.333265E12,3.979256E12,-194.58046,105.58542
Doivinrinxirjoi,4.0,-2.06737218E12,1.8166414E12,-54.855362,48.202587
Hynrei,4.0,-3.62123035E11,4.6868458E12,-9.6085005,124.36046
Zoiby,2.0,-1.00337115E13,-3.22350796E12,-266.2339,-85.5324
Ruevy,87610.66,5.9330003E12,-8.9363914E12,157.426,-237.11795
Yee,4.0,-4.889134E12,2.21216952E12,-129.72787,58.697495
Janwoixy,4.0,-2.82976243E12,-7.1970167E12,-75.084694,-190.96545
Vievyn,3.0,-5.2319077E12,4.26460611E11,-138.82315,11.315628
Kaphuquoiwhei,175060.4,-5.7287728E12,4.04194093E12,-152.00688,107.24866
Wran,4.0,-1.16153112E13,-1.0695212E13,-308.19998,-283.78632
Vieknie,4.0,-7.4964208E12,-3.84498008E12,-198.90971,-102.02258
Kinyoi,4.0,-2.04730912E12,-1.90101363E12,-54.323097,-50.441437
Riexan,1.0,-7.8945048E12,-5.1503112E12,-209.47241,-136.65813
Kny deeku,3.0,-3.06961318E12,-6.6604808E12,-81.44885,-176.72903
Nukenla,4.0,-3.16965939E12,5.5616906E12,-84.10351,147.57355
Ngunwhee,44798.793,-1.05173389E13,1.53547597E12,-279.0664,40.742176
Thea,3.0,-1.72725371E13,-5.5650083E12,-458.30853,-147.66174
Bu,1.0,1.01543513E13,4.1633212E12,269.43524,110.46922
Phi,3.0,-2.48964291E12,3.03419589E11,-66.05989,8.050931
Dirnirngenvy,4.0,3.02334843E12,4.27198697E12,80.22146,113.35273
Ca,3.0,-6.3126154E13,1.83746397E13,-1674.9872,487.55222
Wreicy,4.0,-3.02514936E12,1.59371349E12,-80.26907,42.287502
Coifen kei cho,4.0,-1.29189691E13,1.34875146E12,-342.79108,35.78764
Votheiquunjejee,2.0,-4.0182245E12,4.969954E12,-106.61943,131.87251
Yeewoo,85523.8,-1.03134253E14,3.66928518E14,-2736.5615,9736.061
Cie,3.0,1.22041139E12,3.76700377E12,32.382378,99.95345
Keazeigi,4.0,-1.02950391E12,3.34050388E12,-27.316542,88.63639
Delta Suchoi,1.0,1.29511929E12,-8.6509427E11,34.364582,-22.954422
Knoo,4.0,-5.155726E12,5.596378E12,-136.80165,148.49406
Xir,3.0,-1.95204717E12,3.1184084E12,-51.795506,82.74355
Nenthoiwhare,4.0,-5.4410656E12,4.9311352E12,-144.37299,130.8425
Che,3.0,-5.623139E13,-6.9920594E12,-1492.042,-185.52698
Vankoitiecu,89553.33,-5.8840355E12,1.6753105E13,-156.12675,444.5257
Zysei,3.0,-3.17976504E12,2.25614732E12,-84.37164,59.86437
Seatheefoo,4.0,-5.3408212E12,5.6309181E12,-141.71303,149.41043
Xie,2.0,-3.37053562E12,7.4815268E12,-89.433525,198.51454
