Pi,1456121.2,4196.9473,-2319.709,8.777693,3.2987502
Zuevinxir,1.0,11609.607,-983.8624,2.4222593,120.21034
Ke,4.0,480.09927,-224.32547,23.8544,-194.20886
Reihuezan,4.0,9122.497,-1528.3182,-5.6849623,162.60707
Kyn,3.0,4885.075,-6708.9497,161.49713,161.87262
Pheijolan,2.0,1386.3783,-1167.1592,-126.98963,-155.09616
Fyn,3.0,9812.682,63.83096,-15.570269,142.10081
Mu Voi-gan,44894.703,16827.684,31838.904,-10.52057,-34.50382
Chee,3.0,17783.186,30440.156,-55.114223,-46.568577
Leyun xe,4.0,18171.078,31966.412,7.3166766,-89.95654
Voo wei,3.0,17235.05,32278.562,-85.72644,33.711853
Chir-quen,44787.586,36547.58,12463.122,-32.89371,-18.766525
Knoi,4.0,36798.188,13415.449,-90.85451,-15.771273
Hevamoi,4.0,36549.6,13184.302,52.221893,-37.55898
Wroo,42729.875,43342.496,-8510.409,-35.195442,9.66168
Gun,3.0,43628.816,-9223.285,-106.29701,-41.536255
Gamma Pinbyn,4.0,44504.12,-8490.015,-47.402363,-49.384075
Eta Wo,1.0,43990.31,-8241.829,-29.295633,-62.860775
Seibunzooquee,3.0,43261.855,-7610.437,-93.453224,-8.227936
Ze,2.0,42957.07,-9802.908,-82.11009,38.542328
Whea yun thoyoci,44895.84,45382.86,-40975.445,-11.495313,13.117376
Thei,4.0,45541.883,-39070.47,-47.944897,23.523542
Xendirxiexoi,42822.992,30238.87,-3635.1333,-44.796555,5.0175705
Do,3.0,29809.076,-3164.7222,-94.037346,-45.693592
Phoo-cen,2.0,29632.293,-3774.2515,-54.340107,101.62043
Zir,44874.574,7553.076,1017.88715,-154.36053,-151.4426
Xynwheiquixun,1.0,7796.3257,1336.4604,-62.73408,-238.30591
Mir,3.0,6889.1626,-95.02176,-140.06253,-207.05026
Cheinieba,42693.88,-24022.564,17812.326,27.673845,-18.50262
Wruequa,4.0,-24803.219,16434.709,57.88383,-52.19889
Teenei,4.0,-23500.469,16932.984,-36.28288,-50.36119
Thovochiquue,1.0,-24397.082,17554.627,-46.499283,68.49456
Re,2.0,-24529.148,18811.506,89.07569,12.307732
Wran,42847.406,-45671.277,-25418.254,14.274006,7.96417
Me,3.0,-47042.023,-24763.271,41.968193,32.41089
Whin,4.0,-45813.918,-24910.742,-84.784004,12.3822975
Feiwuedyjin,4.0,-46037.582,-24891.701,66.36184,80.26619
Zerucenjue,2.0,-46159.582,-25656.926,-17.859617,108.58276
Bu,42756.42,-66386.555,2850.3743,10.84475,-0.36341566
Phir,4.0,-66279.97,1661.7983,59.721897,14.921318
Pi,4.0,-65229.797,3178.5823,15.869314,-55.071815
Chu,3.0,-66964.32,3213.675,-12.290967,-74.54956
Teitogintea,2.0,-66192.79,1576.6177,-44.030823,6.2998853
Queephen,44691.18,-2941.1367,-30385.947,10.258899,42.067177
Lei,44870.457,-22641.205,46059.38,7.2649183,-14.849602
Shir,3.0,-20800.06,45739.45,3.042828,-52.633625
Shyn,4.0,-22792.121,47709.2,-33.316425,-19.946997
Peiwhijiewir,3.0,-22409.727,46579.914,-84.18843,30.360558
Ngeihei,44726.816,-75307.586,45320.45,5.7985363,-3.6773474
Ziegoi,3.0,-73764.586,44884.34,-9.321251,-33.64649
Knan,4.0,-74811.54,45311.848,17.384724,-114.35187
Feknaxee,2.0,-75208.84,46016.74,82.51609,-48.778175
Ninthun-yo,44696.53,96724.0,22888.475,-7.048631,-1.4773029
Jy,4.0,97216.73,23509.74,-66.98724,19.605356
Ziewhychei,42893.207,99644.73,-32651.877,-5.671623,1.9624656
Reepyzun,4.0,99874.11,-32400.516,-89.92992,105.372475
Yunka,2.0,100747.54,-32216.834,21.488863,-34.10482
Wren,42746.62,70129.2,38214.223,-6.816201,-5.9172206
Whu,1.0,69877.65,37898.215,-104.85561,57.20726
Ta,3.0,70212.125,37706.4,94.68292,2.3281288
Neishingue,42822.957,-45612.3,-100946.57,1.6740098,3.9692028
Theezeeknoocea,4.0,-45415.89,-101659.38,62.866005,48.32566
Quanmiewhaty,4.0,-45709.99,-100070.65,63.28188,34.067657
Fegirmei,3.0,-45960.754,-100400.8,-57.01047,-33.45066
Sir,2.0,-44841.215,-100141.6,55.1596,-18.252293
Zirngeishynxeiwy,44688.445,70930.68,-112158.47,-1.7191743,3.9309134
Mi,4.0,71640.91,-111721.93,-40.066227,45.49943
Hanfunphan,4.0,70405.08,-112906.85,-59.937428,16.762423
Dingoiquungei,2.0,70860.12,-112848.984,-81.96967,-28.792332
Galeijee,44845.055,54676.6,-80280.17,-2.4089477,5.0518885
Poquoowrei,3.0,56470.93,-80351.82,2.298531,-32.68317
Lin,1.0,54721.63,-79858.94,114.01087,-14.152863
Heivero,3.0,53900.37,-80668.87,13.110468,-58.390373
Kniebi,42809.77,280193.78,-36115.91,-1.1927637,0.14664422
Luntheifie,3.0,280151.28,-35270.72,67.31313,-38.099495
Piejea,2.0,279568.56,-35921.06,23.34448,91.18134
Chylu,44772.023,262185.7,113820.6,-0.8954003,-0.45136142
Epsilon Coiwrea,3.0,261920.94,113206.62,-63.041065,72.935005
Reefu,4.0,262832.1,113420.4,60.09466,48.443314
Sea,4.0,261984.84,114528.945,83.93897,0.58253235
Peebenun,3.0,262640.0,113328.37,45.725723,54.406918
Zeta Tachoknen knei,44771.41,199220.47,11131.449,-1.6447985,-0.32693866
Yypuewa,42704.953,128312.73,122998.39,-1.2540762,-1.6102241
Teejun,3.0,127297.75,122043.88,-50.865143,19.13051
Bo,4.0,129520.73,123434.35,6.2992086,-57.693905
Xa,3.0,128986.164,123868.34,-41.066757,30.287027
Rinkoo,44668.496,17619.875,119677.47,-0.43137398,-3.0130804
Yun,44674.59,-42006.05,178977.95,0.67493623,-2.0036058
Can,2.0,-41865.223,178444.42,-78.71077,-68.07334
Coolircin,44817.97,-107194.22,99318.94,1.9530386,-1.7900405
Ho,3.0,-105464.31,98869.195,-8.509032,-35.77634
Licheiquy,1.0,-106725.82,99366.484,38.581707,-97.812546
Theta Cei,2.0,-108697.914,99442.266,1.1633768,44.697464
Wreitinhe,44857.113,-243007.5,88929.664,0.9124405,-0.21390203
Die,3.0,-241709.89,89707.54,41.43364,-28.98497
Thiknei,4.0,-244070.92,89280.26,33.773098,56.234608
Hen,42720.734,-187542.69,-41703.59,1.5782454,0.39630407
Kopi,3.0,-188845.88,-42455.934,-37.43421,28.805977
Firloi,4.0,-187987.64,-43098.566,41.358643,-17.542557
Phyndirwue,3.0,-188144.05,-41327.062,-19.136196,-77.22238
Pho,44694.977,-267906.66,-83405.58,1.0060354,0.47174993
Giknoo,3.0,-266507.22,-83093.414,28.775667,-28.5903
Ceishee junnywhen,44725.28,-119173.88,-199706.61,0.62273407,1.4345918
Ngu,44722.38,-201902.8,52854.008,1.0642205,0.004944363
Xashun,3.0,-201415.52,53545.324,78.86776,3.0911949
Gen,4.0,-201345.42,52451.656,68.553665,41.058353
Fuepecepheihei,2.0,-203115.3,52474.934,-21.439335,40.248894
Tenwhyhei,44874.97,-338873.72,17393.094,0.93146676,0.21508098
Veican,4.0,-339563.9,16042.894,-39.78854,27.837097
Gei,1.0,-339216.8,16484.803,-51.059887,14.551019
Wiewei,3.0,-339793.97,17422.885,-22.528418,-61.945793
Lie,42870.22,-353849.5,217752.31,0.63995713,-0.4867723
Xyn,44860.78,-357545.53,123792.78,0.93813807,-0.17697555
Doce,4.0,-358742.94,123244.24,-12.127532,53.975937
Ma,2.0,-356457.12,124197.37,12.099153,-65.82566
Pheikoofir,42778.203,-195108.6,151100.45,0.45412886,-0.7642852
Nan,3.0,-196815.3,151449.34,7.56386,32.95648
Jue,4.0,-195274.31,152172.8,55.204536,22.305803
Vemynveingyn,1.0,-195368.4,151669.47,61.334545,35.44604
Nu,3.0,-194593.58,150988.48,39.047764,86.5358
Knyncun,42852.516,361270.56,181040.4,-0.5880345,-0.31050617
Reiweejo,4.0,361597.1,181891.98,61.3315,-0.10595155
Saphee,44668.5,425372.16,-58524.207,-0.84185743,0.69846815
Meiseshuvan,42685.523,370623.47,-173073.38,-0.54668206,0.4487275
Tunthi,3.0,371471.75,-172743.67,14.405387,-77.40619
Xootyn,3.0,370764.72,-171935.23,-53.058758,-9.5800085
She,42847.56,173832.62,-115121.695,-1.4395797,0.86867815
Gee,3.0,173456.5,-114262.52,66.36858,-15.775452
Vir leicen,4.0,173465.89,-115872.73,60.13284,-8.56554
Wynchanquooyei,4.0,173334.61,-115170.17,-21.921778,107.271805
Theewee,42823.39,208065.72,-50450.664,-1.4900982,0.32652473
Lyzy,3.0,206807.98,-49650.676,33.186275,21.77608
Xo,4.0,209089.81,-50567.465,-23.71492,-52.548714
Fethan,42809.125,178820.98,90093.76,-1.3630158,-0.74298227
Hee-yun-ngeeky,4.0,179781.47,90766.78,27.350348,-41.448067
Whi,3.0,178442.39,89807.57,76.76498,-63.723515
Knirphue,42800.285,-118220.17,5601.5825,2.704721,0.031118248
Mea,4.0,-117638.53,5361.821,12.594147,90.12287
Thaknu,4.0,-117506.375,5055.3833,-54.34356,-39.671886
Po,1.0,-118622.805,5988.9805,46.013508,62.936043
Ngu,2.0,-118419.375,6390.9204,72.36376,39.727135
Cothan,44852.977,78858.07,183889.11,-0.7229713,-1.218648
Luntirquoo,4.0,77905.234,184294.5,-3.1428108,-68.32295
Zoo,4.0,79723.58,183014.19,-33.055027,-50.0088
Welynchin,1.0,78607.19,184278.22,103.5054,36.567745
Que phir,44886.94,17824.377,200800.3,-0.12052486,-1.6213946
Sanwenxi,4.0,18045.363,201834.23,70.76864,-12.127027
Xie,1.0,17243.043,201120.89,69.07851,52.26715
Chun,42879.91,-174826.98,223247.92,0.24705663,-0.7293495
Jee,3.0,-176364.14,223236.14,-8.560113,30.970324
Binjan,44721.832,-250131.73,174384.05,0.45596376,-0.86438507
Gunsiehuncinshoo,4.0,-249771.58,175112.14,-64.35366,7.0690274
Juethihun,4.0,-250292.31,173531.95,-66.1664,-15.523881
Ro,2.0,-251449.55,174312.12,-3.1464415,42.565094
Thukieshue,44687.18,-271830.53,139152.73,0.8697173,-0.2182209
Wundoodun,3.0,-270275.8,139101.22,6.333203,-31.802269
Yogue,4.0,-271168.88,138869.16,51.241287,48.774147
Wu-sunxunbenlun,4.0,-272845.7,138792.64,-14.584611,44.5592
Socei,2.0,-272692.47,139737.1,51.07451,27.779522
Byweisheequoochue,42876.47,-358083.88,-145086.28,0.46443295,0.24667788
Feewhin,3.0,-359454.5,-145411.62,-27.357485,29.732147
Wywregusun,2.0,-356855.94,-145272.33,-13.608887,-41.271236
Dirtan,44771.13,-128092.32,-143668.72,0.91193575,1.0864446
Hohoijan,4.0,-129109.08,-143459.66,29.584757,54.349087
Dokooshoo,2.0,-127535.27,-144067.98,-43.44847,-81.260605
Calengoify,42838.938,-165402.95,-103018.805,1.1115197,0.567777
Thiree,3.0,-165876.94,-103744.87,-74.06721,-2.7859306
Xanseabea,4.0,-165655.81,-103496.18,-81.09736,62.79979
Sinlyngyquunknea,2.0,-164670.7,-102226.945,55.93996,-19.534771
Wroi,42786.355,-93547.7,-115203.97,0.8448232,1.1266173
Satoo,3.0,-93576.79,-114299.734,66.56118,-35.309956
Cyn,4.0,-94196.195,-116082.48,42.418903,-28.70905
Kin teevylea,4.0,-92554.13,-114525.33,27.407923,-41.858868
Dunnoitei,42781.598,-48134.414,130143.76,0.75101584,-1.4112089
Yan re,3.0,-48389.613,131157.25,63.976593,-21.341993
Luejei,4.0,-48991.64,129475.37,27.139997,-46.647205
Tue-wrangie,4.0,-47313.613,131038.53,39.06382,-34.325832
Cunchugei,3.0,-48441.145,130788.57,-58.01932,-35.705032
Xunfoi,2.0,-48110.44,129082.13,-60.722965,18.099752
Knir,44819.863,307241.38,198732.31,-0.21367055,-0.45656222
Ditheewry,3.0,308289.4,197601.78,-44.208138,-14.565078
Ngee,4.0,307603.47,197634.17,-51.197548,-30.573792
Phoiwoivue,1.0,307476.72,198086.14,-61.183147,-34.698563
Ni,3.0,307203.2,199226.31,-106.19882,-5.2521977
Ten luknei,42736.99,231925.5,203463.4,-0.24812637,-0.5711955
Cisoiyienge,4.0,230960.88,203810.44,8.732656,65.57365
Zeeramir-xea,1.0,232370.88,203254.81,-67.23686,-75.244415
Thue,3.0,231645.64,204238.3,-55.68625,-35.405376
Keecun,42682.29,362154.47,65089.332,-0.30250806,-0.2539136
Sheijei,3.0,362401.7,66275.695,-51.07846,-5.2725368
He,2.0,362458.62,66280.84,63.434277,-9.614884
Thenwhetei,42701.934,454377.8,113250.66,-0.48008308,-0.11981944
Sheaxoi,4.0,453678.12,111862.28,31.952652,-30.249357
Knucin,4.0,454689.88,112314.56,-70.3156,-18.879744
Xyxoo,44777.62,462481.8,4030.3623,-0.75142235,-0.07099009
Baknie,3.0,462565.88,3121.7073,-68.716805,33.644882
Phun,4.0,461501.25,3313.0393,-30.562323,41.148945
Dy,3.0,463064.8,3791.3997,12.001772,78.025826
Yu,44662.47,396693.0,14854.239,-0.29307842,-0.3020032
Wisharu,4.0,395712.34,14760.079,5.6175003,48.25927
Wheiboi,44678.27,403472.0,-27182.598,-0.14195062,0.18352588
Ziebie,4.0,403179.0,-27318.291,54.99903,-129.92538
Yupo,2.0,402222.84,-27108.143,9.041011,41.512257
Keako,42841.4,282616.2,-133710.53,-0.5783012,0.37671527
Ry,3.0,282959.2,-133370.97,47.958347,-105.91187
Tenduzy,42840.586,121179.69,-174367.06,-0.048953343,1.1015263
Voigoi,3.0,121534.77,-174063.52,44.230423,-109.53758
Veite,4.0,121519.445,-174097.64,-70.132835,93.787025
Coinei,4.0,122044.03,-174702.5,-42.22376,-45.793972
Fun,2.0,120885.734,-173785.28,67.10749,64.82334
Ziquyn,42729.973,146233.2,-144561.95,-0.4463576,0.6860867
Hue,3.0,144571.66,-143915.83,15.889138,33.48223
Rathei,4.0,146398.36,-145919.2,43.96845,12.914068
Xo,1.0,146200.3,-143792.23,61.52356,12.395955
Fa,3.0,146961.48,-144060.33,-25.22723,57.195114
Thun,44849.56,192319.8,-168980.94,-0.84025884,0.8410206
Jen,3.0,194050.23,-169576.38,-15.09047,-33.16713
Chynsheichomir,1.0,192458.4,-169737.0,-62.29028,-23.521524
Runnee bi,3.0,191544.08,-169376.98,15.471568,-62.12109
Queifee,2.0,190797.28,-169100.84,-13.599895,48.512413
Dirngyn,42710.844,163120.77,-74074.26,-0.81718755,0.19023174
Pyn-zy,3.0,162559.8,-74234.63,41.359135,-87.32119
Whejeangi,42847.16,-291339.0,81914.07,0.8033793,0.113079205
Shir,3.0,-291168.1,82460.29,71.64407,-75.52722
Zu,4.0,-291135.9,82296.22,-91.82786,68.79179
Wechoiyikna,3.0,-291494.44,82471.76,-73.8175,-5.6130676
Wrue-wirwhee,2.0,-291695.78,82396.734,61.598263,76.701706
Luesoowin,44839.363,26021.45,157775.53,-0.32023704,-1.2051913
Thea-gun,4.0,25869.975,159079.89,-47.164745,-15.522552
Jea,4.0,26404.46,158546.11,71.01857,-37.124786
Cee wrincei,3.0,25365.955,157237.78,31.010355,-58.372993
Honeiwei,2.0,24526.156,157626.39,-13.7908325,46.03895
Wryn quuvindacir,44835.63,461481.44,201245.38,-0.59150785,-0.12467578
Nygyn,1.0,461420.28,200493.88,-64.951965,2.2504513
Moo,3.0,460861.6,200686.8,34.151287,-55.951412
Yir,44796.57,420110.0,220881.42,-0.114397235,-0.42605808
Nynshoizea,4.0,420121.22,220280.64,97.315155,-12.697666
Phynlyfoi,1.0,420353.28,220312.22,-64.48551,-33.738518
Ngynwhaxodynxoo,3.0,420318.56,221300.02,-102.150986,34.570732
Renloiyeiga,2.0,418834.9,221563.19,26.934935,37.628857
Gei,44860.633,-94309.0,-460145.16,0.02258256,0.19936503
Ci,4.0,-95512.63,-460661.06,-11.415473,55.31215
Ven,3.0,-94245.484,-461119.84,57.413208,17.890032
Knin,2.0,-93966.95,-461181.8,-64.40252,-28.411026
Kee,42658.83,-177308.08,-489949.34,0.14987801,0.18918517
Jan,3.0,-177217.03,-491106.4,-63.08113,-21.780893
Nyn,4.0,-175851.81,-491618.66,16.611467,30.376211
Foze,4.0,-178037.62,-488167.4,38.364338,13.369958
Fie,1.0,-176767.94,-488720.7,43.190746,-3.74826
Hawrir,3.0,-177948.52,-490004.88,26.625187,-93.77086
Knea,42778.363,-149633.36,-394172.0,0.16608931,0.110613026
Pho,3.0,-151340.92,-394070.0,-2.429051,35.25887
Yeichuwhan,3.0,-149497.47,-393451.66,-64.580696,18.15331
Kete,42702.71,44051.984,-479298.16,-0.10896972,0.29092118
Wreagan,4.0,43696.24,-478647.44,-82.80749,-32.423008
Bunfeifei,4.0,45021.64,-478289.72,30.275595,-41.38843
Finknee,1.0,43580.867,-478839.56,31.564425,76.55316
Si,2.0,43168.586,-478667.94,42.40863,55.292572
Knue,42791.188,173614.73,-261889.12,-0.3412041,0.51834035
Whinpin,3.0,171938.39,-261676.05,1.5195557,34.715054
Xeso-lee,4.0,173147.38,-262347.38,-62.909023,67.87323
Ngahanwre,1.0,173736.23,-262196.3,-121.94107,-43.18338
Loichoi,44856.51,81241.88,-304423.94,-0.07282732,0.48087916
Xenphunsacan,3.0,82535.66,-303625.72,41.035576,-27.513838
Vancin,1.0,81074.57,-305262.03,-59.261784,6.319967
Ta,3.0,81215.11,-305394.5,58.48916,10.113703
Ben,2.0,81685.98,-305373.5,-62.811653,-35.55997
Kappa Sheewru pynnyn,42763.004,113506.99,-228152.16,-0.07083891,0.63879836
Ponei,3.0,111843.19,-228360.98,-15.782506,35.52372
Bencymie,4.0,114137.69,-228822.23,-62.135242,-34.33549
Jynnun theibie,1.0,113126.64,-227667.47,47.471592,58.439884
Sha,3.0,114106.35,-228139.66,18.279713,84.87079
Jeingenquuquoo,2.0,114614.57,-227472.48,39.022842,-35.989964
Royeipybea,44755.812,-5265.8057,-270695.16,0.11743067,0.45788008
Shinforei,3.0,-5225.6226,-270302.78,-118.26452,-5.1535892
Phynbe,44801.375,41314.215,-418517.0,-0.039760597,0.14810625
Gun,3.0,42991.85,-418369.8,13.861913,-35.32273
Chuesy,4.0,41391.402,-417431.2,-54.863014,-8.021855
Phunshunseikirzy,4.0,40860.42,-417785.97,72.91879,23.361954
Myncuepho,44802.945,6682.534,-566264.0,-0.16713023,0.20123482
Zie,4.0,7118.4355,-565177.2,-48.605953,15.843981
Girxin,4.0,5846.5923,-565750.25,49.582214,46.77636
Quy,1.0,7151.3647,-566594.1,-29.313532,-76.96088
Nga whoicoo,44901.996,-29860.402,-651562.0,-0.01482594,0.2931749
So,4.0,-31218.66,-650637.75,-8.12489,-46.754368
Den,1.0,-30728.68,-652328.8,-26.03808,40.04464
Gy,3.0,-30179.494,-650904.44,-86.91559,-11.493192
Goi,2.0,-28688.781,-650458.56,26.532398,-44.76147
Qua,42863.164,-51784.41,-563828.0,0.11148932,0.14301455
Zirchun,3.0,-53279.273,-563369.6,16.904957,28.723627
Thun,4.0,-52649.22,-563947.75,-2.4353004,-56.134216
Sun,42708.625,-129766.83,-632066.0,0.11589123,0.18898728
Knin,4.0,-129499.28,-631389.0,-86.31592,24.262451
Readanzeeli,4.0,-129125.516,-630753.2,41.658527,-25.18213
Pipa,1.0,-130136.21,-632311.1,-73.70234,86.33699
Heinoi,44753.664,-275989.94,-524835.0,0.15667972,0.13272716
Dee,3.0,-274324.12,-524949.2,2.5204644,-33.821198
Fomee,44744.35,-40837.902,237977.95,0.14910547,-0.6498295
Quo,3.0,-39189.5,237933.03,5.7783933,-34.375774
Jeifanquue,4.0,-40302.27,238083.67,29.550121,-101.03131
Pookanwhe,3.0,-40294.773,237998.84,-28.342743,80.36668
Tha-hoo,44845.71,124047.58,281640.66,-0.14894098,-0.41228867
Run-whepieje,4.0,123031.86,280781.28,-28.86317,43.63728
Quirque,1.0,124178.15,280896.47,-62.122272,-23.932886
Quu,2.0,124800.56,281031.34,-46.317314,-60.865707
Knea,44862.59,-29520.059,322056.0,-0.011505191,-0.42423633
Ngenyquei,4.0,-29969.324,321447.1,79.460365,-41.143715
Lypea,4.0,-30070.107,320707.34,-44.74605,21.203167
Wrojeishoo,1.0,-29421.43,322481.03,112.92439,-34.541073
Gei ngirwry,2.0,-28396.541,322237.53,0.30972096,-68.50151
Tunvin,42888.363,-103877.52,419058.53,0.04760702,-0.29814187
Wrynmiemeifan,3.0,-105295.375,419509.62,19.291803,26.773989
Deefe,2.0,-102924.34,418534.72,-42.62502,-31.669685
Chi,44730.785,-158836.12,304274.66,0.109780006,-0.36385134
Hizydan,4.0,-158336.97,304355.25,25.655088,-107.65055
Tirpei,3.0,-158440.42,304509.72,-75.25636,65.8388
Gynsu,44734.41,-304323.03,323678.1,0.20195809,-0.25343162
Niewanci,4.0,-304528.7,323267.78,94.44874,-64.98393
Vei,4.0,-303918.47,324003.22,62.885067,-89.18777
Ry,44668.61,-250968.3,262244.28,0.21864517,-0.29371053
Wrinhirdei,2.0,-251584.72,262857.2,67.11054,15.456865
Dea,42911.168,277666.0,451402.78,-0.08496833,-0.16857925
Shywheaquu,44691.207,701762.0,-170276.0,-0.13952185,0.024981912
Ruewri,4.0,702599.4,-170172.12,0.71860385,55.793583
Cha,4.0,701653.2,-171004.62,-73.19964,-24.080992
Thun-zijoo,44670.64,748291.0,-341885.0,-0.11234373,0.06085704
Hunjimin kendei,4.0,747840.56,-342611.16,-63.145977,6.9372106
Wru,44877.67,646492.0,-338976.0,-0.03354761,0.10101429
Cen,4.0,645316.44,-338417.44,-1.9113846,-57.37292
Thawueseivin,4.0,646741.75,-340516.6,-46.796585,-8.830514
Nirpi,3.0,646085.2,-338405.8,-82.748795,-28.39337
Whincha,42817.64,614502.0,-155732.0,-0.09681129,0.019086855
Chenze thyn,4.0,614574.44,-156524.97,63.30173,30.110676
Viewhawruchea,44805.285,-1210980.0,603105.0,0.010384374,-0.005718795
Feijun,3.0,-1210607.8,603992.06,73.62317,7.791759
Wovo,44661.734,-1100670.0,441888.0,0.019020418,-0.0016616748
Ma,2.0,-1101858.6,442019.75,14.994858,40.93308
Shoi,44662.223,-1359462.0,323096.0,0.021338616,0.026014963
Hin,4.0,-1359248.0,322660.88,-69.14899,-83.82498
Ja,2.0,-1360670.4,323188.03,11.868436,41.188427
Phueshan,44800.44,-1418853.0,598862.0,0.017870363,-0.003454914
Xynbee,3.0,-1418401.4,599731.6,72.25909,3.4561558
Mu Kin,4.0,-1419863.1,598138.44,-27.515625,43.462254
Taroi,3.0,-1418499.0,598219.94,56.42851,40.030033
Mea,42861.75,-1754007.0,721896.0,0.030504122,-0.03177797
Nunchywhanwrenta,3.0,-1755388.0,721584.2,-26.805573,30.073032
Peizupyra,4.0,-1753664.6,721595.25,43.777473,100.987305
Goizy,4.0,-1753551.2,721349.8,-77.42916,-21.089466
Gee,42828.227,-1923702.0,318853.0,0.018219607,-0.011217408
Koo,3.0,-1924789.0,318239.44,-46.726654,23.080002
Keeku,4.0,-1924188.1,318073.53,53.731064,-19.552536
Timan,4.0,-1922703.5,318741.97,-23.420649,-53.038143
Cungynlee,3.0,-1923375.2,318713.88,60.73059,107.911896
Pheixynlen,2.0,-1923052.9,319691.9,58.20857,-15.518423
Xo,42886.06,-1558838.0,552193.0,0.037608597,-0.026525449
Zu,4.0,-1558662.1,552520.0,-96.29762,81.14601
Shynchei,4.0,-1558684.5,551657.9,-96.79376,13.288431
Hookoi,44682.184,-1278825.0,967963.0,0.013192331,-0.03408186
Casea,44675.254,-1210941.0,785533.0,0.016330142,-0.0097823
Wro,42890.285,-812137.0,785533.0,-0.011600631,-0.016576381
Whan,4.0,-811983.44,785009.2,-97.84389,13.632753
Seizu,2.0,-810944.94,785854.25,18.220102,-38.788834
Phoi,44669.44,-820615.0,1048571.0,-0.011486783,-0.03387185
Renwyga,2.0,-821841.25,1048461.8,-2.7544003,41.11562
Nin,44880.562,-926675.0,840686.0,0.0050760335,-0.0020911782
Hei-kneeloo,4.0,-925651.8,839593.3,-31.035492,-39.920715
Zanva,1.0,-926677.6,839754.3,-56.823975,-17.345442
Do,3.0,-926065.7,840219.2,25.220156,77.56954
Thingeivanphoi,2.0,-926475.25,842330.94,46.29209,-14.515175
Xeithoke,44693.67,-935156.0,1023115.0,0.026146123,-0.019445345
Han,3.0,-933800.5,1023419.56,28.287361,-29.920246
Ngin,4.0,-935510.3,1023156.94,4.0300217,-133.08694
Alpha Wreebir babo,44707.1,-1045457.0,874626.0,0.025655568,-0.018201776
Jikoo,3.0,-1044204.75,875055.56,36.864754,-27.8498
Synfunzenchoo,42656.113,-1401826.0,827957.0,0.008904341,-0.0050730454
Bose,4.0,-1403509.6,828247.6,-3.1472402,46.688976
Wrynganknielue,1.0,-1401055.2,827599.94,-60.697746,-43.194584
Phie,44696.348,-1529097.0,895838.0,0.065288156,-0.012337478
Feshy,4.0,-1529342.5,896226.4,-65.49826,-89.090485
Sie,4.0,-1529706.4,896302.75,67.263,32.939568
Shiemoojie,42718.24,-1529093.0,382490.0,0.019456087,0.014178715
Knan,3.0,-1529456.6,382089.03,78.92552,-63.3827
Keangeaknei xue,42675.043,-1507876.0,34600.0,0.008812441,-0.005076805
Wruewree,4.0,-1507434.1,32548.893,32.560658,6.5164523
Kyn,3.0,-1507433.1,35850.832,-47.105,1.8391726
Peineaxeitoowi,2.0,-1507628.5,32697.184,-41.66489,-2.7579312
Ceineixo,44905.453,-1711514.0,475825.0,0.045886524,0.030393366
Xo,4.0,-1711998.5,477827.75,-33.46521,-9.089434
Guechan-je,4.0,-1710038.9,475254.44,-8.06012,-49.50518
By,1.0,-1711056.6,475991.8,55.34902,-99.98848
Hotubuephi,3.0,-1711801.0,474592.4,50.88402,4.973492
Gehue,2.0,-1711736.5,477720.9,43.14952,1.6583292
Wrie,44722.484,-918154.0,335821.0,0.02603733,8.7601214E-4
Ren,3.0,-917125.06,336405.44,50.733112,-21.601173
Pypun,42656.227,-561776.0,560676.0,0.0278645,-0.065183364
Pu,4.0,-561561.5,558355.4,31.164469,-3.4767249
Cu,4.0,-563440.4,560822.3,-7.6217966,47.299286
Sawrei,3.0,-560682.1,561873.94,-31.315693,21.701527
Lirwynquuje,44850.617,-1312702.0,1167360.0,0.018623661,-0.04360074
Ngirchuexan,3.0,-1313286.0,1166743.2,-40.44591,73.82849
Yu,1.0,-1313172.4,1166684.2,-45.425285,41.16698
Wreijee,44666.01,-1046017.0,166961.0,0.027591981,0.015136435
Cidu,42777.766,-669482.0,1200212.0,0.0029672682,-0.057569835
Yeekujei,4.0,-669496.75,1200807.9,-95.82144,11.090105
Wro,4.0,-669141.4,1201329.2,53.17926,-6.7718797
Ngencheicoovymir,1.0,-669893.44,1200087.6,-54.958027,89.41425
Shue,3.0,-668949.06,1200509.6,-22.248484,79.16008
Quopiefe,2.0,-670081.7,1199597.0,-41.88055,65.98917
Wreithee,44821.703,164788.0,725920.0,0.00953327,-0.042347074
Duben,3.0,164550.52,725062.7,-60.10788,52.5784
Hun,4.0,164021.8,726278.44,-8.348313,-75.95299
Knun,3.0,164937.95,726390.06,-102.93817,27.239504
Yy-tea,2.0,164867.69,727115.1,57.31263,-21.450907
Kei,42730.234,743248.0,848172.0,-0.02874967,-0.028642645
Pu,3.0,743260.25,849278.94,58.517654,-29.803316
Mirziela,4.0,743851.6,847069.1,36.20046,37.174545
Quue,3.0,742636.44,848463.56,-13.361046,-81.04982
Coiwuntenxi,42841.344,-1180199.0,-971810.0,0.0017435089,-8.518763E-4
Wueyanga,4.0,-1179375.1,-971083.6,38.062798,-32.773457
Xeiwhenke bir,3.0,-1180541.5,-971294.2,-60.28469,-35.3765
Knithue,2.0,-1180711.9,-971574.06,32.18035,97.892075
Dymun,44781.195,578647.0,631849.0,-0.023841398,-0.02641298
Knunvannirxun,3.0,578286.7,631302.56,-54.812927,81.969925
Ty dei,4.0,578468.06,631326.7,94.714325,-41.71236
Yue,4.0,578476.7,630768.1,-58.18939,-5.325485
Quei,44854.88,606863.0,1318461.0,-4.32299E-5,-9.448103E-4
Whenvir,4.0,607883.1,1317886.0,-18.27879,-59.061184
Sheingoi-quue,1.0,607178.9,1317807.2,-52.87653,-49.03093
Weewyn,3.0,607333.5,1317804.8,43.943707,57.432526
Phir boidee,2.0,606458.2,1319939.5,49.57703,3.900353
Pie-zeikoiquoi,42777.34,2177599.0,542500.0,-0.020897288,-0.025646256
Keipoi,1.0,2178059.0,542669.9,5.138732,-94.149315
Knei,3.0,2177663.8,542049.75,107.003044,15.365831
Ji,44808.703,2045910.0,410842.0,0.017459266,0.012655224
Du,3.0,2046137.0,409759.53,-62.408756,20.799868
Cea,4.0,2045306.9,411538.22,-34.28455,-60.149353
Gy,4.0,2046535.0,410067.38,-40.38228,-54.41179
Ku,2.0,2045595.5,412064.97,57.098515,-2.302511
Loopeknanza,44785.242,2224616.0,396736.0,-0.001841928,3.4043682E-4
Dyn,3.0,2224746.0,397162.1,-109.340866,19.380322
Phea,42656.824,2295157.0,208626.0,-0.019643866,-0.010004841
Fea,4.0,2294727.8,206564.55,30.257639,-21.007082
Penknuefoi,3.0,2296621.8,209159.81,-3.9245384,40.36627
Si,42695.137,2168181.0,175708.0,-0.009873682,-0.003435381
Matei,4.0,2167034.0,175353.67,-29.838518,54.38937
Wrin,1.0,2168828.0,175465.64,-57.074013,-58.42548
Doo,42837.293,2055312.0,86356.0,-0.013167386,0.014079495
Queepho,4.0,2055653.8,87273.42,59.281586,-2.2179074
Phan wir,42838.2,1984770.0,208630.0,0.008081054,-0.019074453
Cin ngen due,3.0,1985114.4,208900.94,-39.695507,95.066284
Wunchukin,2.0,1984522.4,207974.45,-67.578064,56.44699
Heekie,44677.51,1782549.0,340311.0,0.0106900865,0.0042077187
Phabeebanwhei,4.0,1781640.6,339835.88,-27.742533,39.505135
Lesoitanxinthin,2.0,1782715.0,339794.66,-77.95362,-69.95974
Chuyu,44755.066,1933038.0,598966.0,-1.4754992E-4,-0.0114699295
Tienen,2.0,1933067.5,599840.4,69.91613,-30.244856
Voo,44797.754,2455048.0,796485.0,-0.012013847,-0.0024159302
Roirynnooshan,4.0,2455648.8,795775.94,-40.41262,-58.66415
Nievynbyphen,2.0,2454652.0,797650.2,57.660557,1.0811915
Thun,44757.035,2304553.0,740064.0,0.0049498477,0.012261748
Geicha,4.0,2304252.0,739706.0,82.72855,-77.94202
Jeiti,42778.164,2807752.0,439086.0,-0.027972398,0.0040172385
Whoiquyn,3.0,2807222.0,440171.0,57.388363,-5.499189
Chinjie,1.0,2807690.0,439703.1,70.11198,4.7560425
Noi,42900.586,2986458.0,660119.0,-0.015378922,-0.014684154
Hoishirlyn,4.0,2987200.8,660738.0,43.0624,-28.48451
Shee,42748.21,2718397.0,528442.0,-0.0012667736,-0.03112356
Po ngoisiefu,4.0,2717496.5,528505.8,-8.02197,73.26226
Xinwoi,1.0,2717906.5,528721.75,18.597027,83.816475
Wrun,2.0,2719206.5,527234.8,-44.594517,-19.041069
Quinlea,42826.254,3009971.0,222761.0,-0.024853304,-0.023894737
Neihee,4.0,3010441.8,222859.23,-35.31756,103.24328
Wruchanceagir,4.0,3009780.0,223575.33,60.225983,39.46333
Shoiwhin choo,2.0,3010225.2,221838.42,-67.28031,8.964144
Gooxocirboo,44772.477,2708990.0,265089.0,-0.0076661147,0.0056949444
Lokuewunshie,3.0,2709479.8,264078.6,-61.804504,8.999627
Teetee,1.0,2708787.5,264619.75,-67.847,54.343273
Mea,3.0,2709430.2,265323.72,-67.04748,72.18004
Beivanryja,2.0,2708550.2,266108.66,61.40731,2.517041
Pheeweithungi,44777.21,2530282.0,-82916.0,5.334528E-4,0.027379839
Sue,4.0,2529782.8,-82413.95,-36.836063,-75.200584
Ten,42779.875,2516173.0,133414.0,-0.024422247,-0.0016579598
Theta Mei,3.0,2515498.0,134512.23,53.797348,0.86064017
Ngyn,4.0,2516474.5,132501.44,50.31258,36.91096
Ci-keizifynwhi,4.0,2515421.2,133723.72,13.506765,76.922356
Quatyyir,3.0,2515620.5,133781.08,-26.758194,-70.73756
Thunwhen shue,2.0,2516865.2,132316.17,-50.30911,-14.868824
Ngoohoi,44869.066,2525577.0,232176.0,-0.009843122,0.0064103184
Xeirei,4.0,2526439.2,232785.06,48.132587,-50.9088
Doobiethin-ngi,2.0,2524400.8,233442.0,33.089684,30.199383
Quu,44663.23,2591416.0,335639.0,0.0039943275,-0.015293388
Sir,3.0,2591347.2,335177.12,-87.15372,81.842804
Rieque,4.0,2590728.0,335005.5,-48.607025,24.570831
Ri,44872.332,2422113.0,420292.0,-0.0022865797,0.008534484
Xivanjimun,3.0,2423177.8,419001.6,-42.239662,-14.886429
Shie,4.0,2422932.2,420938.2,50.766876,-49.182392
Viewreidir,3.0,2421355.2,419502.5,35.227116,-39.52599
Pi Syjinveikuemei,2.0,2420910.8,421529.25,32.2864,31.085197
Jynngei-whiechie,44852.1,1757753.0,23736.111,0.005065478,0.013051297
Saquie,3.0,1758806.2,22514.281,-43.064583,-14.372849
Kno,4.0,1758538.0,24260.309,48.170284,-57.52236
Din,1.0,1757504.1,24123.139,104.25588,38.163113
Po,2.0,1756608.5,24890.756,34.662945,30.102371
Chopiban,42700.52,2011255.0,-612755.0,-0.022625228,-0.0014546374
Finchinmazee,3.0,2010024.0,-611527.1,36.642555,19.867733
Reizynjoo,4.0,2010692.6,-614290.25,34.481476,-24.060472
Den,1.0,2012077.0,-612343.2,9.528443,-57.398384
Zeta Ngei,42794.95,1926770.0,-860557.0,-0.0065324744,-0.008003595
Yen,4.0,1926916.6,-861437.3,57.329197,30.301857
Pinyn xirwavue,1.0,1926406.2,-860117.8,50.90447,54.50152
Fynkojy bea,3.0,1926272.0,-860120.0,-38.16323,-61.05733
Sandei,42820.344,2152045.0,-1085831.0,-0.02244874,-0.007240568
Dunkniyeexei,4.0,2152321.5,-1086498.1,56.816254,53.388386
Fynmie,3.0,2151471.5,-1085641.6,-7.326137,-76.51205
Dyzin,44862.535,2366057.0,-866185.0,0.014113494,0.01463577
Ya,3.0,2367284.5,-867370.2,-38.09299,-19.503897
Pin,4.0,2366539.0,-864747.5,-39.341755,19.820541
Shei,3.0,2365303.8,-866847.9,31.626446,-47.339104
Quiexi,42823.812,2844768.0,-821128.0,-0.01544464,-0.01015994
Nginla,4.0,2845063.2,-821731.6,56.43515,60.187477
Gan-wriwhyn,3.0,2844202.8,-821004.75,2.1671066,-79.05989
So,2.0,2845515.0,-821992.0,-52.72516,-18.782242
Zeite lueshee,44685.97,2765920.0,-578955.0,-0.004544878,0.0016772588
Mintieku,4.0,2765869.0,-579656.56,-74.164764,-30.992517
Shir,2.0,2765572.5,-578249.1,78.11911,-4.71536
Quokny,44893.84,2675809.0,-731015.0,0.0074912137,0.009557125
Phue,3.0,2677188.0,-732238.6,-33.637295,-23.589159
Kneeshidirchinwrir,4.0,2676538.0,-729461.44,-30.551186,31.526373
Dea,1.0,2675002.5,-731803.3,-29.564526,38.236164
Zingeceiku,3.0,2674645.8,-731220.56,-7.545268,-53.28005
Mufi,2.0,2674328.2,-729954.94,21.561316,39.27043
Fei,42670.03,2895453.0,-1046400.0,-0.015580707,-0.004485212
Noo goo,3.0,2894045.8,-1045184.94,31.600462,24.520191
Phieyeaknoi,1.0,2896214.0,-1045415.56,35.09012,-24.964708
Bu,3.0,2896677.8,-1046382.9,19.019506,49.10287
Wei thie,2.0,2896968.0,-1047442.06,-18.899506,-39.899315
Xy,44811.99,2771550.0,-1406840.0,-0.019063944,0.024352752
Wre,3.0,2772697.5,-1407904.9,-40.885666,-17.179998
Chensoi,4.0,2772135.2,-1406334.2,57.389008,-62.73968
Choo,1.0,2771796.8,-1406533.8,102.11992,-61.47683
Dei,3.0,2771447.5,-1407630.1,64.41303,-9.75526
Phiequeiknen,2.0,2770399.5,-1405905.8,34.777348,32.21028
Knen,42737.164,2732125.0,-1237880.0,-0.018635664,-0.012697788
Venyeigenfunpo,3.0,2730877.2,-1236792.1,36.3091,20.322678
Ziciephen,4.0,2731657.0,-1239170.4,41.29849,-18.62506
Ruenoi,4.0,2731674.2,-1238625.5,-67.060165,38.510857
Co,1.0,2732662.5,-1237985.0,-45.504387,-79.87448
Fie,3.0,2732715.8,-1237211.1,-39.65725,45.194065
Xanfyngoi,2.0,2733404.0,-1238815.2,-27.788803,-35.38208
Shei,44886.38,2715229.0,-1057658.0,0.0058870222,0.017705234
Shunkoimeabenmu,4.0,2715946.5,-1056195.0,-31.948214,31.105177
Wriequojeethun che,4.0,2715529.8,-1056658.0,70.13285,-16.074203
Gynyunphee,3.0,2714160.5,-1057912.5,-3.0975137,-56.215343
Van madei,42667.56,2619486.0,-1175927.0,-0.010748549,-0.011412393
Cen,4.0,2618613.2,-1177454.0,24.700829,-37.697704
Na-linsiequan,1.0,2620170.2,-1174819.1,39.04127,-16.23182
Nenshy,3.0,2620706.0,-1176061.1,27.720074,46.55982
Mynbinyir,2.0,2621051.0,-1176915.1,-16.449432,-41.387154
Wreado,42779.816,2236516.0,-1434993.0,-0.007433582,-0.019222552
Gunveawyvei,4.0,2236290.0,-1436067.8,52.647587,-2.0538192
Jeelovue,4.0,2235981.5,-1435457.9,-58.03556,65.50323
Kuevo,3.0,2236492.5,-1434251.5,-66.13546,-0.5453917
Ngyn,42759.4,2016871.0,-1694060.0,0.0074687763,-8.062596E-4
Xoiknacoo,3.0,2015670.9,-1693036.5,37.86989,19.061155
Whea,4.0,2016398.0,-1694665.4,-65.40734,51.582916
Kan,1.0,2016882.4,-1694431.5,-121.87438,-0.5846667
Tea,2.0,2018068.2,-1694932.4,-31.133001,-33.872826
Jir,44777.855,2777178.0,-1722218.0,0.010493883,0.013180338
Du,3.0,2778275.2,-1723183.9,-42.82515,-15.749449
Xynthoshi,4.0,2777271.8,-1721263.2,-59.851532,-10.820376
Yy,2.0,2776134.2,-1721389.8,39.798313,30.171198
Whyknanmycuben,44768.254,2687066.0,-1970021.0,0.004428636,0.013803036
Lambda Wrinknir,4.0,2687140.8,-1969098.0,-61.199223,-13.44728
Ngyn,1.0,2687542.2,-1970222.9,-13.871166,-83.81238
Yynna zirei,2.0,2686035.8,-1969207.5,40.458824,29.914705
Peewha-tinkee,42842.27,2591324.0,-1649001.0,-0.008923581,-0.0032153751
Kei xea,4.0,2591513.2,-1649605.2,65.70969,53.899624
Gen,42815.168,2473052.0,-1316716.0,-0.012303188,-0.006720697
Goiquyvoi,4.0,2472981.0,-1317590.2,61.921318,14.601034
Where,3.0,2472682.0,-1316164.6,-55.77453,-40.13381
Bunxiejoovea,42661.93,1842277.0,-1220971.0,-5.215393E-4,-0.011838314
Cuephantheidu,4.0,1841335.5,-1222400.0,22.441235,-41.111492
Wei,4.0,1842293.0,-1222099.1,-68.06359,-7.0527067
Yirluewee,3.0,1843418.4,-1221240.2,36.18226,44.615078
Che,42875.086,1656422.0,-1491296.0,-0.015748583,-0.024859576
Iota Fin,4.0,1656651.2,-1491724.8,66.49521,79.453285
Hoi,4.0,1655995.8,-1491138.0,16.476217,112.835075
Sho,2.0,1657240.9,-1491944.4,-51.526337,-24.786013
Ngenthi,44704.242,1515623.0,-1142117.0,0.010737869,0.03298121
Ly,4.0,1515415.5,-1141650.5,-70.27522,-74.08799
Geixyn nir,4.0,1516062.6,-1142232.1,-8.653119,-116.68833
Joikigunzee,44839.934,1994334.0,-1085795.0,-0.0022213145,0.022134112
Whinle,4.0,1995007.6,-1084614.9,-37.190075,29.62108
Zeeshenshoizoi,4.0,1994412.6,-1084911.6,77.43868,-11.815775
Whoimanwinyybyn,3.0,1993596.4,-1086197.5,18.55701,-64.08406
Shiqueangunwei,2.0,1992912.9,-1085046.2,20.882761,40.60787
Vun,44788.348,2416726.0,-32625.688,-0.0010121573,0.024115812
Geawhirkunji,4.0,2417157.5,-31616.1,-50.85558,14.9605055
Knoi,4.0,2416951.5,-31956.746,80.85111,-38.44374
Jea,3.0,2416554.8,-33306.836,66.069855,-26.698303
Banshorea,42703.69,2270296.0,-274797.0,-0.011082598,-0.0029442182
Jeityfinto,4.0,2269447.0,-276019.6,27.47108,-38.275715
Whytavuexu,4.0,2270393.8,-275786.38,-71.91327,-6.0456057
Tityn,1.0,2270858.2,-273997.7,41.014145,-32.05122
Duezynyanngen,2.0,2271823.2,-275523.97,-14.598086,-42.733402
Nei,44863.285,-849781.0,569990.0,0.010633982,0.009334419
Rue,3.0,-848255.3,569018.6,-27.820778,-27.626009
Bea,4.0,-849865.5,570944.0,75.12738,2.8150337
Dendea,1.0,-850365.06,569353.1,-36.719337,47.182484
Fee wrunthutie,3.0,-850658.75,569863.56,-9.361983,-66.00712
Puchanthoi,2.0,-851288.7,570696.1,16.305107,42.79734
Thunzanrepa,42828.082,-1452397.0,885380.0,0.0013087994,-0.016687993
Luexiehoi,3.0,-1453618.9,886182.1,36.108322,20.152859
Toigei,44721.65,-1908582.0,738953.0,0.03026117,0.007570554
Ngynknoingejue,4.0,-1908479.4,739648.1,-74.11918,-19.576115
Pei,42719.65,-2319712.0,260242.0,-0.013367142,-0.012691987
Mivundekimoo,3.0,-2321251.8,261159.45,25.742596,28.193903
Reeveedueshoi,4.0,-2320548.0,259127.3,28.700304,-38.446224
Kue,1.0,-2319192.2,260934.52,41.541126,-39.60098
Whooceequei,3.0,-2318865.5,260270.56,17.651447,65.60332
Wranmy,42742.938,-2246498.0,-252259.0,0.0060241404,-0.004563348
Kentei,3.0,-2247978.0,-251379.97,27.237274,26.818958
Knun,4.0,-2247230.0,-253305.31,34.663704,-33.552837
Yea,4.0,-2246372.8,-253115.75,-76.86122,-1.952582
Yei,2.0,-2245069.8,-252868.0,-16.977064,-41.710373
Chu,44862.527,-1812841.0,-49509.0,0.003255379,0.015918437
Meawroo neesu,3.0,-1811254.4,-50427.008,-25.295343,-29.211485
Da,4.0,-1813083.8,-48563.34,73.09248,13.301316
Leeknongei,1.0,-1813336.2,-50261.83,-44.971348,35.015324
Tee,3.0,-1813697.8,-49469.805,-24.128311,-65.56496
Leidealyn chynshue,2.0,-1814387.0,-48887.22,12.940395,44.2641
Shiloowho,44873.105,-1525615.0,-314207.0,0.016395515,0.016369639
Lueloiphyche,3.0,-1526477.2,-314083.16,-31.564198,-62.506107
Quinnin,44778.066,-2077543.0,-60770.0,0.019943837,0.014435914
Jea,3.0,-2076155.4,-61573.938,-30.64579,-24.535488
Tooknirzushaza,4.0,-2077009.1,-59867.727,-49.169685,22.070175
Nue,3.0,-2077774.1,-61359.82,65.1103,-42.161373
Whei,44744.465,-1733997.0,113820.0,0.015138601,0.014184835
Doi-phunke zoochea,4.0,-1733610.0,114626.43,-59.837593,10.820958
Cue,4.0,-1733923.9,114413.79,91.562416,-35.289246
Teifajue,42707.426,-815997.0,-184668.0,0.016717698,0.0041783657
Yasenree,3.0,-817607.1,-183803.08,22.86195,30.002874
Vea,4.0,-815637.3,-185584.22,-68.97064,-20.949858
Yooqui,1.0,-815595.9,-183832.27,49.161274,-22.496765
Yoo-kunno,2.0,-814442.9,-185216.1,-9.832864,-44.664726
Jy,42854.156,-1024379.0,-280409.0,0.009447038,0.0071838694
Shinfipho,3.0,-1025641.75,-279703.1,33.163025,21.706102
Yue,2.0,-1023245.75,-280878.97,-29.977823,-36.82646
Gamma Pieposirbin,44827.047,-838527.0,-770383.0,0.014907229,0.004528615
Thei,1.0,-838998.4,-770837.4,-37.063076,65.163345
Deichyyihe,44728.273,-849791.0,-1243462.0,-0.0022000303,0.01532582
Quinwyn foi,4.0,-849799.4,-1242880.0,95.02915,-28.155268
Cir-zue,2.0,-850977.0,-1243004.2,27.742271,38.386993
Tir-ceishaboi,42828.613,-1176442.0,-1389890.0,-0.009208744,0.0062995353
Pei,3.0,-1177796.2,-1389180.5,29.418095,24.142355
Soinynthy,4.0,-1176937.6,-1390663.4,53.37672,-20.034422
See,2.0,-1175208.2,-1390336.5,-23.455265,-39.18939
Tirrea,44737.914,-1227130.0,-1220932.0,0.029486421,0.02548603
Vikninquu,3.0,-1225770.9,-1221636.0,-30.110262,-24.142593
Sie,4.0,-1226654.6,-1220175.0,-56.753845,18.364529
Voo,3.0,-1227127.6,-1221499.5,78.32749,-18.781515
Shichinfoo,42690.797,-1480566.0,-1277250.0,-0.013723665,0.0012973782
Run,3.0,-1482260.8,-1276422.6,19.803,32.060997
Tindoocy,4.0,-1481591.5,-1278239.8,17.514265,-49.0899
Ngee,1.0,-1480319.4,-1276250.2,51.959526,-0.26941085
Jeknoofyn,2.0,-1478945.9,-1277724.8,-5.078879,-46.456055
Yoi-zeevuny,42875.406,-1384825.0,-1479997.0,-0.0044740993,0.0020339973
Pha,2.0,-1383685.1,-1480395.4,-27.769676,-37.770435
Leeroo,44704.344,-1593206.0,-1474364.0,0.014364672,0.017691737
Mei,4.0,-1592845.5,-1473697.9,-67.76738,8.091258
Shareiny,4.0,-1593250.5,-1473826.9,99.47743,-28.19478
Roi,42661.312,-1626998.0,-1063234.0,-0.013094218,-0.012702202
Che,4.0,-1628119.0,-1064226.2,11.504613,-53.47291
Zuezanjipe,4.0,-1626365.0,-1064153.8,-57.957584,-38.235935
Yirwhi,1.0,-1626874.9,-1062079.1,49.474102,18.391027
Yinwhugan,3.0,-1626351.9,-1063888.9,69.549576,24.22129
Jeehiele,42665.15,-1176446.0,-1181502.0,-0.018663002,-0.013230466
Zen yeidingun,4.0,-1175797.2,-1182401.2,-57.58603,-38.878307
Xu,2.0,-1174761.8,-1181933.9,-1.2273673,-48.016678
Miryoowry,44854.332,-1722741.0,-1209661.0,0.015263214,0.012715055
Weiwhinpun,3.0,-1721068.0,-1210431.5,-20.320833,-31.601643
Meiwreechunthan,4.0,-1721776.0,-1208761.6,-21.926556,47.51055
Wrejagan,1.0,-1723025.0,-1210472.0,-55.771763,18.359137
Meaphiwuewran,3.0,-1723417.6,-1209389.5,-50.232574,-63.03884
Ngizin,2.0,-1724310.9,-1209251.1,6.567506,46.259148
Fuveenoo,42831.0,-1632631.0,-832322.0,0.0021779188,-0.0049024895
Min,4.0,-1632339.0,-832967.06,-83.28348,-7.6198616
Pho,44837.797,-1176448.0,-854847.0,0.009232347,0.012066579
Quiecir,4.0,-1176991.9,-854068.75,66.81434,30.416977
Kooken,3.0,-1177085.5,-854679.56,-41.68871,-73.98659
Yeaveizue,42724.28,-1936756.0,-1130809.0,-0.0055775754,-9.6694636E-4
Weiwrea,3.0,-1938422.6,-1130083.1,18.797443,31.6788
Nginzir,42896.89,-2190192.0,-1508146.0,0.004764447,0.004078764
Phe,2.0,-2189078.5,-1508456.5,-26.704937,-38.169136
