Pi,1456121.2,4198.7046,-2319.0479,8.808195,3.3276188
Zuevinxir,1.0,11610.064,-959.824,1.8815203,120.137436
Ke,4.0,484.94125,-263.2063,25.28174,-194.98901
Reihuezan,4.0,9121.3,-1495.8019,-6.8908596,162.50256
Kyn,3.0,4917.3633,-6676.501,161.26382,163.35489
Pheijolan,2.0,1361.1272,-1198.2367,-124.056076,-156.25021
Fyn,3.0,9809.525,92.23859,-16.423798,141.84854
Mu Voi-gan,44894.703,16825.578,31832.002,-10.527766,-34.527126
Chee,3.0,17772.152,30430.855,-55.298664,-46.3332
Leyun xe,4.0,18172.518,31948.418,6.819109,-90.02251
Voo wei,3.0,17217.822,32285.21,-87.38519,31.813156
Chir-quen,44787.586,36541.0,12459.368,-32.916847,-18.779898
Knoi,4.0,36780.004,13412.249,-91.10535,-16.683643
Hevamoi,4.0,36560.043,13176.703,52.164093,-39.306793
Wroo,42729.875,43335.457,-8508.477,-35.21926,9.667583
Gun,3.0,43607.53,-9231.524,-106.83323,-40.18903
Gamma Pinbyn,4.0,44494.605,-8499.892,-48.060165,-49.385117
Eta Wo,1.0,43984.367,-8254.434,-30.94898,-63.503067
Seibunzooquee,3.0,43243.17,-7612.135,-93.3736,-9.268317
Ze,2.0,42940.652,-9795.177,-81.99628,38.99993
Whea yun thoyoci,44895.84,45380.562,-40972.82,-11.502552,13.125439
Thei,4.0,45532.293,-39065.777,-47.972393,23.287226
Xendirxiexoi,42822.992,30229.906,-3634.1296,-44.836517,5.0214715
Do,3.0,29790.338,-3173.938,-92.62779,-47.226727
Phoo-cen,2.0,29621.531,-3753.904,-52.203846,102.07133
Zir,44874.574,7522.1577,987.55237,-155.29301,-152.37231
Xynwheiquixun,1.0,7783.5625,1288.5419,-67.14649,-243.41167
Mir,3.0,6861.0703,-136.4859,-141.67638,-208.14255
Cheinieba,42693.88,-24017.03,17808.625,27.69481,-18.516666
Wruequa,4.0,-24791.633,16424.283,58.071915,-51.915894
Teenei,4.0,-23507.746,16922.947,-36.67063,-49.668312
Thovochiquue,1.0,-24406.209,17568.438,-43.02067,70.67467
Re,2.0,-24511.316,18813.936,89.39751,11.684682
Wran,42847.406,-45668.42,-25416.66,14.28342,7.9699535
Me,3.0,-47033.613,-24756.799,42.313244,32.254307
Whin,4.0,-45830.83,-24908.412,-83.87997,9.495337
Feiwuedyjin,4.0,-46024.25,-24875.732,67.513214,78.56272
Zerucenjue,2.0,-46163.02,-25635.148,-15.187305,109.795494
Bu,42756.42,-66384.38,2850.3015,10.851904,-0.36364567
Phir,4.0,-66268.03,1664.8125,59.67364,15.518088
Pi,4.0,-65226.652,3167.56,15.305206,-55.230137
Chu,3.0,-66966.695,3198.717,-10.700177,-75.50932
Teitogintea,2.0,-66201.6,1577.9034,-44.10212,6.816154
Queephen,44691.18,-2939.0845,-30377.531,10.268418,42.10291
Lei,44870.457,-22639.752,46056.41,7.2702794,-14.8598
Shir,3.0,-20799.465,45728.926,2.7951086,-52.599796
Shyn,4.0,-22798.783,47705.19,-33.2805,-20.28249
Peiwhijiewir,3.0,-22426.617,46585.86,-85.235855,27.801596
Ngeihei,44726.816,-75306.43,45319.715,5.802804,-3.6797912
Ziegoi,3.0,-73766.46,44877.617,-9.652197,-33.553288
Knan,4.0,-74808.24,45288.984,13.79184,-114.17243
Feknaxee,2.0,-75192.36,46006.89,82.23027,-50.59253
Ninthun-yo,44696.53,96722.59,22888.178,-7.053477,-1.4782509
Jy,4.0,97203.29,23513.605,-67.86961,18.471529
Ziewhychei,42893.207,99643.586,-32651.484,-5.675095,1.9642769
Reepyzun,4.0,99855.89,-32379.72,-94.51291,99.73786
Yunka,2.0,100751.805,-32223.666,20.917627,-34.323795
Wren,42746.62,70127.84,38213.04,-6.821087,-5.9217024
Whu,1.0,69856.84,37909.855,-101.45868,61.119526
Ta,3.0,70231.03,37707.023,94.06722,5.4768305
Neishingue,42822.957,-45611.965,-100945.77,1.6751119,3.9722009
Theezeeknoocea,4.0,-45403.34,-101649.64,62.424435,49.84893
Quanmiewhaty,4.0,-45697.33,-100063.89,63.392258,32.981888
Fegirmei,3.0,-45972.098,-100407.57,-55.882374,-35.150913
Sir,2.0,-44830.207,-100145.28,54.682915,-18.74087
Zirngeishynxeiwy,44688.445,70930.336,-112157.69,-1.7203001,3.933652
Mi,4.0,71632.836,-111712.87,-41.160503,44.8152
Hanfunphan,4.0,70393.125,-112903.45,-59.32097,17.627748
Dingoiquungei,2.0,70843.734,-112854.66,-81.75627,-26.979654
Galeijee,44845.055,54676.117,-80279.16,-2.410769,5.0557394
Poquoowrei,3.0,56471.375,-80358.35,2.0191207,-32.667603
Lin,1.0,54744.4,-79862.016,113.26809,-19.10833
Heivero,3.0,53903.047,-80680.516,14.161645,-57.844803
Kniebi,42809.77,280193.53,-36115.88,-1.1937904,0.14683591
Luntheifie,3.0,280164.72,-35278.4,67.35869,-39.311867
Piejea,2.0,279573.34,-35902.855,25.232567,90.54778
Chylu,44772.023,262185.5,113820.51,-0.89596385,-0.451834
Epsilon Coiwrea,3.0,261908.38,113221.3,-62.196728,74.79319
Reefu,4.0,262844.03,113430.125,58.777645,49.230618
Sea,4.0,262001.66,114528.98,84.36595,-1.0285993
Peebenun,3.0,262649.06,113339.32,44.344437,55.8574
Zeta Tachoknen knei,44771.41,199220.12,11131.385,-1.6460958,-0.32726774
Yypuewa,42704.953,128312.48,122998.06,-1.2550533,-1.6113845
Teejun,3.0,127287.59,122047.73,-50.545597,19.427624
Bo,4.0,129521.96,123422.805,5.8085213,-57.868134
Xa,3.0,128977.93,123874.375,-41.495617,29.724873
Rinkoo,44668.496,17619.79,119676.86,-0.4317223,-3.0150669
Yun,44674.59,-42005.918,178977.55,0.6756063,-2.0052543
Can,2.0,-41881.0,178430.94,-79.37166,-65.287544
Coolircin,44817.97,-107193.83,99318.58,1.9547263,-1.7913828
Ho,3.0,-105466.03,98862.05,-8.778811,-35.706295
Licheiquy,1.0,-106718.305,99346.91,34.619957,-98.09147
Theta Cei,2.0,-108697.664,99451.2,1.556905,44.66218
Wreitinhe,44857.113,-243007.31,88929.62,0.9129976,-0.21391994
Die,3.0,-241701.62,89701.734,41.098488,-29.18426
Thiknei,4.0,-244064.14,89291.49,34.453712,56.003887
Hen,42720.734,-187542.38,-41703.51,1.5794665,0.39659283
Kopi,3.0,-188853.36,-42450.164,-37.10646,28.992727
Firloi,4.0,-187979.36,-43102.055,41.479248,-17.162416
Phyndirwue,3.0,-188147.8,-41342.55,-17.667402,-78.10795
Pho,44694.977,-267906.47,-83405.484,1.0069338,0.4721386
Giknoo,3.0,-266501.5,-83099.14,28.353678,-28.682648
Ceishee junnywhen,44725.28,-119173.76,-199706.33,0.623289,1.4358678
Ngu,44722.38,-201902.58,52854.008,1.0652587,0.0049614455
Xashun,3.0,-201399.78,53545.89,78.1494,2.0939093
Gen,4.0,-201331.78,52459.92,67.02338,42.12749
Fuepecepheihei,2.0,-203119.56,52482.99,-20.909773,40.411167
Tenwhyhei,44874.97,-338873.53,17393.137,0.9322201,0.21526365
Veican,4.0,-339571.84,16048.479,-39.60812,28.1845
Gei,1.0,-339227.0,16487.758,-50.715977,15.437517
Wiewei,3.0,-339798.4,17410.494,-21.47653,-61.968918
Lie,42870.22,-353849.38,217752.22,0.64063364,-0.4871621
Xyn,44860.78,-357545.34,123792.75,0.9390542,-0.17713079
Doce,4.0,-358745.34,123255.05,-11.653906,54.188786
Ma,2.0,-356454.72,124184.19,11.472434,-66.053085
Pheikoofir,42778.203,-195108.5,151100.3,0.45461956,-0.76472694
Nan,3.0,-196813.78,151455.94,7.8402743,32.89869
Jue,4.0,-195263.27,152177.22,55.309692,21.589071
Vemynveingyn,1.0,-195356.1,151676.45,62.20616,33.449375
Nu,3.0,-194585.92,151005.83,36.056335,87.10341
Knyncun,42852.516,361270.44,181040.34,-0.588512,-0.31066677
Reiweejo,4.0,361609.34,181891.9,60.955803,-1.0576775
Saphee,44668.5,425371.97,-58524.066,-0.8427359,0.6993416
Meiseshuvan,42685.523,370623.34,-173073.28,-0.547154,0.4492336
Tunthi,3.0,371474.6,-172759.17,13.434996,-77.76833
Xootyn,3.0,370754.1,-171937.17,-53.135235,-10.226999
She,42847.56,173832.34,-115121.52,-1.4413809,0.86924195
Gee,3.0,173469.8,-114265.73,66.75509,-16.683075
Vir leicen,4.0,173477.95,-115874.39,60.661327,-7.449366
Wynchanquooyei,4.0,173330.4,-115148.7,-18.531042,107.492584
Theewee,42823.39,208065.4,-50450.6,-1.4914596,0.32669014
Lyzy,3.0,206814.62,-49646.332,33.5105,21.567404
Xo,4.0,209085.03,-50577.97,-24.520245,-52.450306
Fethan,42809.125,178820.7,90093.6,-1.3643745,-0.7437536
Hee-yun-ngeeky,4.0,179786.9,90758.47,26.837152,-41.80263
Whi,3.0,178457.89,89794.945,79.76753,-61.3033
Knirphue,42800.285,-118219.625,5601.5884,2.7079606,0.031146577
Mea,4.0,-117636.12,5379.8853,10.557241,90.91383
Thaknu,4.0,-117517.29,5047.4814,-55.180927,-39.01334
Po,1.0,-118613.51,6001.4717,47.940575,61.009052
Ngu,2.0,-118404.89,6398.803,72.6627,38.48039
Cothan,44852.977,78857.93,183888.86,-0.72395766,-1.2199553
Luntirquoo,4.0,77904.65,184280.83,-2.365513,-68.64707
Zoo,4.0,79716.945,183004.2,-33.468323,-49.587456
Welynchin,1.0,78628.0,184285.34,105.678986,32.91631
Que phir,44886.94,17824.354,200799.98,-0.120739035,-1.6231768
Sanwenxi,4.0,18059.508,201831.77,70.59286,-12.911438
Xie,1.0,17256.95,201131.3,70.87118,51.233177
Chun,42879.91,-174826.92,223247.77,0.2473134,-0.73008496
Jee,3.0,-176365.84,223242.33,-8.197523,30.971243
Binjan,44721.832,-250131.64,174383.86,0.4564976,-0.86533606
Gunsiehuncinshoo,4.0,-249784.48,175113.48,-64.94489,5.8364964
Juethihun,4.0,-250305.53,173528.9,-65.93513,-14.368945
Ro,2.0,-251450.14,174320.62,-2.6331336,42.589546
Thukieshue,44687.18,-271830.34,139152.7,0.8708174,-0.21852839
Wundoodun,3.0,-270274.56,139094.86,5.965477,-31.789185
Yogue,4.0,-271158.72,138878.94,49.666035,49.42467
Wu-sunxunbenlun,4.0,-272848.6,138801.56,-13.855825,44.811718
Socei,2.0,-272682.22,139742.62,51.759342,27.308157
Byweisheequoochue,42876.47,-358083.8,-145086.22,0.46499953,0.24697188
Feewhin,3.0,-359459.97,-145405.67,-26.937912,29.830263
Wywregusun,2.0,-356858.7,-145280.58,-14.158565,-41.184616
Dirtan,44771.13,-128092.13,-143668.5,0.91304463,1.0876995
Hohoijan,4.0,-129103.12,-143448.8,30.402487,54.175293
Dokooshoo,2.0,-127544.04,-144084.17,-44.965595,-80.12394
Calengoify,42838.938,-165402.73,-103018.695,1.1127224,0.5681894
Thiree,3.0,-165891.72,-103745.38,-73.442024,-1.8512906
Xanseabea,4.0,-165671.95,-103483.49,-79.63649,65.376396
Sinlyngyquunknea,2.0,-164659.55,-102230.875,55.440357,-20.067783
Wroi,42786.355,-93547.53,-115203.75,0.84589773,1.1280327
Satoo,3.0,-93563.48,-114306.85,66.58497,-36.367294
Cyn,4.0,-94187.69,-116088.19,42.842186,-28.127186
Kin teevylea,4.0,-92548.67,-114533.72,26.918531,-42.187946
Dunnoitei,42781.598,-48134.266,130143.48,0.75188667,-1.4127702
Yan re,3.0,-48376.81,131152.94,64.16446,-22.11289
Luejei,4.0,-48986.184,129466.06,27.707779,-46.20041
Tue-wrangie,4.0,-47305.82,131031.65,38.669857,-34.752537
Cunchugei,3.0,-48452.71,130781.35,-57.27413,-37.214764
Xunfoi,2.0,-48122.59,129085.8,-60.732716,18.861301
Knir,44819.863,307241.3,198732.22,-0.213942,-0.45701766
Ditheewry,3.0,308280.56,197598.89,-44.46489,-14.286911
Ngee,4.0,307593.22,197628.08,-51.402237,-29.938114
Phoiwoivue,1.0,307464.44,198079.3,-61.802048,-32.917976
Ni,3.0,307181.97,199225.08,-105.802414,-8.872118
Ten luknei,42736.99,231925.44,203463.28,-0.24849825,-0.5718167
Cisoiyienge,4.0,230962.66,203823.55,9.491883,65.29155
Zeeramir-xea,1.0,232357.27,203239.83,-70.44609,-73.62461
Thue,3.0,231634.53,204231.16,-55.24295,-36.59135
Keecun,42682.29,362154.4,65089.277,-0.30286992,-0.2541613
Sheijei,3.0,362391.47,66274.62,-51.18705,-5.8442817
He,2.0,362471.3,66278.89,63.27919,-10.160816
Thenwhetei,42701.934,454377.7,113250.625,-0.48069653,-0.120056175
Sheaxoi,4.0,453684.53,111856.25,32.10943,-29.93404
Knucin,4.0,454675.8,112310.83,-70.58488,-18.043789
Xyxoo,44777.62,462481.7,4030.3481,-0.75229967,-0.071245015
Baknie,3.0,462552.12,3128.4902,-68.80653,34.730865
Phun,4.0,461495.16,3321.287,-30.071314,41.503983
Dy,3.0,463067.1,3807.0464,9.880279,78.849464
Yu,44662.47,396692.94,14854.179,-0.29354995,-0.30241892
Wisharu,4.0,395713.5,14769.735,6.5367956,48.340416
Wheiboi,44678.27,403472.0,-27182.562,-0.14283063,0.18336853
Ziebie,4.0,403190.38,-27344.08,62.46368,-125.85714
Yupo,2.0,402224.7,-27099.842,9.611243,41.47561
Keako,42841.4,282616.06,-133710.47,-0.5788842,0.37737393
Ry,3.0,282968.62,-133392.28,45.189335,-108.46832
Tenduzy,42840.586,121179.67,-174366.84,-0.04843405,1.103425
Voigoi,3.0,121543.46,-174085.55,41.015175,-112.04985
Veite,4.0,121505.24,-174079.03,-73.52694,90.83744
Coinei,4.0,122035.55,-174711.64,-43.156376,-45.420227
Fun,2.0,120899.2,-173772.4,67.969666,63.029263
Ziquyn,42729.973,146233.11,-144561.83,-0.44692057,0.68703365
Hue,3.0,144574.84,-143909.14,16.138987,33.38482
Rathei,4.0,146407.14,-145916.6,43.91023,13.369166
Xo,1.0,146212.61,-143789.83,61.566917,10.962885
Fa,3.0,146956.4,-144048.92,-26.117838,56.5695
Thun,44849.56,192319.64,-168980.78,-0.8415184,0.8420353
Jen,3.0,194047.2,-169583.0,-15.344765,-33.078117
Chynsheichomir,1.0,192445.94,-169741.64,-62.545105,-22.031424
Runnee bi,3.0,191547.22,-169389.39,16.51238,-61.57357
Queifee,2.0,190794.58,-169091.14,-13.21817,48.5418
Dirngyn,42710.844,163120.61,-74074.23,-0.8184785,0.19042856
Pyn-zy,3.0,162568.19,-74252.06,43.772182,-86.56567
Whejeangi,42847.16,-291338.8,81914.086,0.80463856,0.114092015
Shir,3.0,-291153.8,82445.055,70.781166,-78.07493
Zu,4.0,-291154.38,82309.78,-93.78856,64.72729
Wechoiyikna,3.0,-291509.16,82470.516,-73.08912,-8.043983
Wrue-wirwhee,2.0,-291683.4,82411.984,62.952366,74.78255
Luesoowin,44839.363,26021.387,157775.28,-0.3207668,-1.2068284
Thea-gun,4.0,25860.545,159076.77,-47.102173,-16.041615
Jea,4.0,26418.637,158538.62,70.46388,-38.203262
Cee wrincei,3.0,25372.205,157226.14,31.96122,-57.57606
Honeiwei,2.0,24523.418,157635.61,-13.3965435,46.074635
Wryn quuvindacir,44835.63,461481.3,201245.34,-0.59246147,-0.12496352
Nygyn,1.0,461407.28,200494.39,-64.80515,3.8187664
Moo,3.0,460868.47,200675.66,35.0932,-55.082035
Yir,44796.57,420110.0,220881.33,-0.11446159,-0.42670918
Nynshoizea,4.0,420140.66,220278.23,97.210144,-10.237471
Phynlyfoi,1.0,420340.34,220305.58,-65.366295,-31.579472
Ngynwhaxodynxoo,3.0,420298.03,221306.73,-103.86429,30.811937
Renloiyeiga,2.0,418840.3,221570.7,27.312147,37.424076
Gei,44860.633,-94309.0,-460145.1,0.022597317,0.19956367
Ci,4.0,-95514.89,-460650.0,-10.931995,55.516037
Ven,3.0,-94234.01,-461116.22,57.343857,18.832
Knin,2.0,-93979.84,-461187.47,-64.63186,-27.694715
Kee,42658.83,-177308.05,-489949.28,0.15002365,0.18947728
Jan,3.0,-177229.66,-491110.75,-63.12505,-21.151566
Nyn,4.0,-175848.5,-491612.6,16.496954,30.50754
Foze,4.0,-178029.94,-488164.75,38.451187,13.156947
Fie,1.0,-176759.31,-488721.47,42.998974,-4.1793346
Hawrir,3.0,-177943.1,-490023.62,28.694489,-93.544075
Knea,42778.363,-149633.33,-394172.0,0.1663766,0.11092501
Pho,3.0,-151341.4,-394062.94,-2.1371815,35.24076
Yeichuwhan,3.0,-149510.39,-393448.1,-64.85346,16.588985
Kete,42702.71,44051.96,-479298.1,-0.10927215,0.29164943
Wreagan,4.0,43679.715,-478654.0,-82.042595,-33.765682
Bunfeifei,4.0,45027.68,-478298.0,29.970592,-41.701405
Finknee,1.0,43587.25,-478824.3,32.937275,75.17258
Si,2.0,43177.098,-478656.9,42.995605,54.86592
Knue,42791.188,173614.67,-261889.03,-0.34192023,0.5189659
Whinpin,3.0,171938.72,-261669.11,1.8160448,34.677288
Xeso-lee,4.0,173134.86,-262333.75,-61.453003,69.24339
Ngahanwre,1.0,173711.72,-262204.56,-124.396126,-35.725742
Loichoi,44856.51,81241.87,-304423.8,-0.07292413,0.4816064
Xenphunsacan,3.0,82543.84,-303631.22,40.705467,-27.71456
Vancin,1.0,81062.73,-305260.72,-59.00833,7.5192156
Ta,3.0,81226.81,-305392.44,58.50658,11.0695505
Ben,2.0,81673.4,-305380.6,-63.149696,-34.817474
Kappa Sheewru pynnyn,42763.004,113506.98,-228152.03,-0.07077717,0.6399431
Ponei,3.0,111840.05,-228353.89,-15.481289,35.56169
Bencymie,4.0,114125.23,-228829.06,-62.823036,-33.586857
Jynnun theibie,1.0,113136.2,-227655.88,48.820038,56.658466
Sha,3.0,114109.89,-228122.69,15.926355,84.77368
Jeingenquuquoo,2.0,114622.35,-227479.69,38.590813,-36.250366
Royeipybea,44755.812,-5265.782,-270695.1,0.11764496,0.45908022
Shinforei,3.0,-5249.2964,-270304.1,-118.59664,-10.96465
Phynbe,44801.375,41314.207,-418517.0,-0.03988859,0.14851893
Gun,3.0,42994.61,-418376.88,13.5475645,-35.349003
Chuesy,4.0,41380.43,-417432.84,-54.911407,-8.778844
Phunshunseikirzy,4.0,40875.04,-417781.34,73.54776,22.319191
Myncuepho,44802.945,6682.501,-566264.0,-0.16746554,0.20167339
Zie,4.0,7108.7026,-565174.06,-48.84584,15.235705
Girxin,4.0,5856.5483,-565740.94,50.37419,46.278736
Quy,1.0,7145.3926,-566609.44,-31.485434,-75.36314
Nga whoicoo,44901.996,-29860.406,-651562.0,-0.014968719,0.29381546
So,4.0,-31220.271,-650647.1,-7.848095,-46.940613
Den,1.0,-30733.861,-652320.8,-25.53293,40.48592
Gy,3.0,-30196.84,-650906.8,-86.165,-12.975206
Goi,2.0,-28683.488,-650467.56,26.278238,-44.99795
Qua,42863.164,-51784.387,-563828.0,0.111594625,0.14329724
Zirchun,3.0,-53275.875,-563363.9,17.240675,28.61985
Thun,4.0,-52649.65,-563959.0,-1.3265543,-55.969624
Sun,42708.625,-129766.81,-632066.0,0.11609052,0.18949945
Knin,4.0,-129516.58,-631384.2,-86.88226,22.74796
Readanzeeli,4.0,-129117.195,-630758.25,41.481094,-25.540827
Pipa,1.0,-130150.766,-632293.75,-70.0309,88.578255
Heinoi,44753.664,-275989.88,-524835.0,0.15699717,0.13298972
Dee,3.0,-274323.62,-524955.94,2.200796,-33.79803
Fomee,44744.35,-40837.87,237977.83,0.14989476,-0.6511129
Quo,3.0,-39188.36,237926.16,5.450025,-34.367157
Jeifanquue,4.0,-40296.508,238063.44,26.60602,-101.5462
Pookanwhe,3.0,-40300.598,238014.9,-31.406534,80.203026
Tha-hoo,44845.71,124047.55,281640.6,-0.14927313,-0.4132302
Run-whepieje,4.0,123026.11,280790.03,-28.474197,43.961876
Quirque,1.0,124165.71,280891.75,-62.37285,-22.390726
Quu,2.0,124791.26,281019.2,-47.053116,-60.25701
Knea,44862.59,-29520.062,322055.94,-0.011565815,-0.42518064
Ngenyquei,4.0,-29953.387,321438.9,80.37329,-39.86079
Lypea,4.0,-30079.049,320711.6,-44.58422,21.593454
Wrojeishoo,1.0,-29398.904,322473.88,111.6684,-39.104553
Gei ngirwry,2.0,-28396.514,322223.84,-0.37703463,-68.60713
Tunvin,42888.363,-103877.51,419058.47,0.047700703,-0.2987561
Wrynmiemeifan,3.0,-105291.5,419514.97,19.661503,26.65449
Deefe,2.0,-102932.91,418528.4,-43.262,-31.31466
Chi,44730.785,-158836.1,304274.6,0.1105472,-0.3644402
Hizydan,4.0,-158332.02,304333.72,22.203281,-108.093025
Tirpei,3.0,-158455.66,304522.78,-78.88706,63.521217
Gynsu,44734.41,-304322.97,323678.03,0.20247671,-0.25417078
Niewanci,4.0,-304509.72,323254.97,96.19194,-61.163727
Vei,4.0,-303906.03,323985.28,60.224075,-91.193016
Ry,44668.61,-250968.27,262244.22,0.2190532,-0.2942946
Wrinhirdei,2.0,-251571.25,262860.22,67.95138,14.603505
Dea,42911.168,277666.0,451402.72,-0.08513187,-0.16892305
Shywheaquu,44691.207,701762.0,-170276.0,-0.13977635,0.024893133
Ruewri,4.0,702599.44,-170160.97,-0.5226875,55.627277
Cha,4.0,701638.56,-171009.36,-72.93785,-22.478453
Thun-zijoo,44670.64,748291.0,-341885.0,-0.112658024,0.06089046
Hunjimin kendei,4.0,747827.94,-342609.72,-62.497208,7.9606357
Wru,44877.67,646492.0,-338976.0,-0.033758175,0.101266004
Cen,4.0,645316.06,-338428.94,-1.4288793,-57.59842
Thawueseivin,4.0,646732.4,-340518.34,-46.853977,-8.466412
Nirpi,3.0,646068.7,-338411.56,-81.67188,-29.847433
Whincha,42817.64,614502.0,-155732.0,-0.09699003,0.01902067
Chenze thyn,4.0,614587.06,-156518.88,63.160683,31.466368
Viewhawruchea,44805.285,-1210980.0,603105.0,0.010447003,-0.005668368
Feijun,3.0,-1210593.0,603993.56,73.24379,6.9125547
Wovo,44661.734,-1100670.0,441888.0,0.019048708,-0.0016617378
Ma,2.0,-1101855.6,442027.94,15.616897,40.860783
Shoi,44662.223,-1359462.0,323096.0,0.021483814,0.025745872
Hin,4.0,-1359261.9,322644.28,-70.67888,-80.46313
Ja,2.0,-1360668.0,323196.28,12.475969,41.138992
Phueshan,44800.44,-1418853.0,598862.0,0.017947229,-0.0035463837
Xynbee,3.0,-1418386.9,599732.3,71.826065,2.6413379
Mu Kin,4.0,-1419868.6,598147.2,-27.041315,43.797493
Taroi,3.0,-1418487.8,598228.0,55.600723,41.482666
Mea,42861.75,-1754007.0,721896.0,0.030938841,-0.032200534
Nunchywhanwrenta,3.0,-1755393.2,721590.2,-26.389624,30.165264
Peizupyra,4.0,-1753656.0,721615.6,40.513645,103.65687
Goizy,4.0,-1753566.8,721345.6,-78.509384,-19.752687
Gee,42828.227,-1923702.0,318853.0,0.01875734,-0.011465517
Koo,3.0,-1924798.2,318244.06,-46.249523,23.345888
Keeku,4.0,-1924177.4,318069.66,54.262318,-18.683016
Timan,4.0,-1922708.2,318731.34,-24.267815,-52.93681
Cungynlee,3.0,-1923363.4,318735.56,54.441166,110.21483
Pheixynlen,2.0,-1923041.2,319688.75,57.74114,-16.11305
Xo,42886.06,-1558838.0,552193.0,0.03799948,-0.026295543
Zu,4.0,-1558681.5,552535.94,-98.912384,75.65502
Shynchei,4.0,-1558703.9,551660.6,-97.50642,16.022972
Hookoi,44682.184,-1278825.0,967963.0,0.013212595,-0.034185193
Casea,44675.254,-1210941.0,785533.0,0.016359046,-0.009819123
Wro,42890.285,-812137.0,785533.0,-0.011541476,-0.016879719
Whan,4.0,-812003.06,785012.06,-98.6006,16.476974
Seizu,2.0,-810941.3,785846.5,17.676886,-38.932304
Phoi,44669.44,-820615.0,1048571.0,-0.011563062,-0.033984736
Renwyga,2.0,-821841.75,1048470.06,-2.1669111,41.164845
Nin,44880.562,-926675.0,840686.0,0.0051981993,-0.0022337567
Hei-kneeloo,4.0,-925658.06,839585.3,-31.307432,-39.62738
Zanva,1.0,-926689.0,839750.9,-56.811543,-16.317335
Do,3.0,-926060.75,840234.75,23.984007,78.48716
Thingeivanphoi,2.0,-926466.0,842328.06,46.251236,-14.840107
Xeithoke,44693.67,-935156.0,1023115.0,0.025608715,-0.019514222
Han,3.0,-933794.9,1023413.56,27.83721,-30.019714
Ngin,4.0,-935509.2,1023130.3,11.135953,-133.5277
Alpha Wreebir babo,44707.1,-1045457.0,874626.0,0.025764734,-0.018263387
Jikoo,3.0,-1044197.4,875049.94,36.38437,-28.012354
Synfunzenchoo,42656.113,-1401826.0,827957.0,0.00886078,-0.005009798
Bose,4.0,-1403510.2,828257.0,-2.8600564,46.638287
Wrynganknielue,1.0,-1401067.5,827591.3,-61.778904,-42.678413
Phie,44696.348,-1529097.0,895838.0,0.06520385,-0.012032296
Feshy,4.0,-1529355.4,896208.4,-63.052822,-92.6825
Sie,4.0,-1529692.9,896309.3,68.47746,31.988022
Shiemoojie,42718.24,-1529093.0,382490.0,0.019386714,0.014058098
Knan,3.0,-1529440.8,382076.47,80.8282,-61.162636
Keangeaknei xue,42675.043,-1507876.0,34600.0,0.008866936,-0.0050444165
Wruewree,4.0,-1507427.6,32550.207,32.518906,6.706269
Kyn,3.0,-1507442.6,35851.176,-47.264908,1.3799565
Peineaxeitoowi,2.0,-1507636.8,32696.645,-41.693,-2.5285707
Ceineixo,44905.453,-1711514.0,475825.0,0.04608331,0.030401988
Xo,4.0,-1712005.2,477825.94,-33.4144,-9.295113
Guechan-je,4.0,-1710040.5,475244.56,-8.393627,-49.374363
By,1.0,-1711045.8,475971.75,51.78888,-101.14948
Hotubuephi,3.0,-1711790.8,474593.44,51.00863,5.522514
Gehue,2.0,-1711727.8,477721.22,43.176662,1.4136319
Wrie,44722.484,-918154.0,335821.0,0.026134538,8.863624E-4
Ren,3.0,-917114.94,336401.1,50.180706,-21.910957
Pypun,42656.227,-561776.0,560676.0,0.027935464,-0.065301016
Pu,4.0,-561555.25,558354.7,31.149794,-3.3205867
Cu,4.0,-563441.9,560831.8,-7.3180227,47.271183
Sawrei,3.0,-560688.4,561878.3,-31.533575,21.461023
Lirwynquuje,44850.617,-1312702.0,1167360.0,0.018587638,-0.04379226
Ngirchuexan,3.0,-1313294.0,1166758.0,-39.569393,74.72648
Yu,1.0,-1313181.4,1166692.5,-44.65826,42.249306
Wreijee,44666.01,-1046017.0,166961.0,0.027676817,0.015165334
Cidu,42777.766,-669482.0,1200212.0,0.0029587662,-0.057375662
Yeekujei,4.0,-669515.9,1200810.0,-95.70503,8.702284
Wro,4.0,-669130.75,1201327.9,52.992653,-7.369413
Ngencheicoovymir,1.0,-669904.2,1200105.6,-50.566666,90.575165
Shue,3.0,-668953.6,1200525.4,-24.212425,78.01275
Quopiefe,2.0,-670090.0,1199610.2,-41.054863,66.813614
Wreithee,44821.703,164788.0,725920.0,0.009442083,-0.04231265
Duben,3.0,164538.5,725073.25,-59.78852,53.67881
Hun,4.0,164020.19,726263.2,-7.1967545,-76.47383
Knun,3.0,164917.31,726395.4,-103.94545,23.688763
Yy-tea,2.0,164879.16,727110.8,57.266197,-22.077122
Kei,42730.234,743248.0,848172.0,-0.028911116,-0.028668063
Pu,3.0,743272.0,849272.94,58.504124,-30.506235
Mirziela,4.0,743858.9,847076.56,35.937057,37.64889
Quue,3.0,742633.9,848447.3,-11.649621,-81.82917
Coiwuntenxi,42841.344,-1180199.0,-971810.0,0.001622773,-5.6142895E-4
Wueyanga,4.0,-1179367.6,-971090.2,37.527847,-33.238663
Xeiwhenke bir,3.0,-1180553.5,-971301.4,-59.019714,-37.21398
Knithue,2.0,-1180705.2,-971554.5,34.57561,96.711136
Dymun,44781.195,578647.0,631849.0,-0.024112225,-0.02696673
Knunvannirxun,3.0,578275.75,631319.06,-53.602978,83.72016
Ty dei,4.0,578487.06,631318.44,95.582115,-38.92306
Yue,4.0,578465.06,630767.06,-58.06789,-4.590133
Quei,44854.88,606863.0,1318461.0,5.0758525E-5,-0.00112966
Whenvir,4.0,607879.44,1317874.2,-18.84457,-58.73676
Sheingoi-quue,1.0,607168.25,1317797.5,-53.586567,-47.501724
Weewyn,3.0,607342.25,1317816.2,43.120914,58.548756
Phir boidee,2.0,606468.06,1319940.2,49.676266,3.5308998
Pie-zeikoiquoi,42777.34,2177599.0,542500.0,-0.020774793,-0.025994388
Keipoi,1.0,2178059.8,542650.94,1.7106076,-95.307846
Knei,3.0,2177685.2,542053.06,106.26897,19.430676
Ji,44808.703,2045910.0,410842.0,0.017479317,0.0126069365
Du,3.0,2046124.5,409763.75,-62.554585,21.524715
Cea,4.0,2045300.1,411526.16,-33.579155,-60.94621
Gy,4.0,2046526.9,410056.53,-40.94064,-53.706024
Ku,2.0,2045607.0,412064.5,57.235382,-2.8500905
Loopeknanza,44785.242,2224616.0,396736.0,-0.00178989,6.1163015E-4
Dyn,3.0,2224724.0,397165.75,-110.50461,14.982018
Phea,42656.824,2295157.0,208626.0,-0.01967182,-0.010006132
Fea,4.0,2294733.8,206560.36,30.296288,-20.818989
Penknuefoi,3.0,2296620.8,209167.88,-4.253349,40.245037
Si,42695.137,2168181.0,175708.0,-0.009891774,-0.0034481229
Matei,4.0,2167028.0,175364.56,-29.272913,54.55942
Wrin,1.0,2168816.5,175453.98,-58.762604,-57.761177
Doo,42837.293,2055312.0,86356.0,-0.013125811,0.0142397825
Queepho,4.0,2055665.5,87272.94,58.96424,-3.0480492
Phan wir,42838.2,1984770.0,208630.0,0.00832818,-0.018968714
Cin ngen due,3.0,1985106.2,208919.8,-43.04212,92.24643
Wunchukin,2.0,1984508.9,207985.83,-66.92435,58.08771
Heekie,44677.51,1782549.0,340311.0,0.010686439,0.0040214746
Phabeebanwhei,4.0,1781635.1,339843.78,-26.987684,39.89322
Lesoitanxinthin,2.0,1782699.4,339780.8,-78.78765,-67.11393
Chuyu,44755.066,1933038.0,598966.0,-1.2552753E-4,-0.011484528
Tienen,2.0,1933081.5,599834.3,69.8619,-31.424171
Voo,44797.754,2455048.0,796485.0,-0.012019584,-0.0025316237
Roirynnooshan,4.0,2455640.8,795764.25,-41.070442,-57.870335
Nievynbyphen,2.0,2454663.5,797650.4,57.847908,0.517339
Thun,44757.035,2304553.0,740064.0,0.0047298004,0.011913831
Geicha,4.0,2304268.8,739690.56,85.23325,-74.73328
Jeiti,42778.164,2807752.0,439086.0,-0.028101476,0.004097925
Whoiquyn,3.0,2807233.5,440169.88,57.644493,-6.031999
Chinjie,1.0,2807704.0,439703.94,70.29673,2.5374537
Noi,42900.586,2986458.0,660119.0,-0.015369006,-0.014668739
Hoishirlyn,4.0,2987209.2,660732.25,42.355988,-29.06415
Shee,42748.21,2718397.0,528442.0,-0.001427895,-0.031190457
Po ngoisiefu,4.0,2717495.0,528520.44,-6.980975,73.17588
Xinwoi,1.0,2717910.2,528738.44,20.864803,82.4572
Wrun,2.0,2719197.5,527231.06,-44.818718,-18.70326
Quinlea,42826.254,3009971.0,222761.0,-0.024597187,-0.023735847
Neihee,4.0,3010434.5,222879.84,-38.942425,102.35754
Wruchanceagir,4.0,3009792.0,223583.17,60.488834,38.27871
Shoiwhin choo,2.0,3010211.8,221840.25,-67.521935,9.8758335
Gooxocirboo,44772.477,2708990.0,265089.0,-0.0075943936,0.0057641384
Lokuewunshie,3.0,2709467.2,264080.44,-62.112835,9.647093
Teetee,1.0,2708774.0,264630.78,-66.39194,57.49776
Mea,3.0,2709416.8,265338.06,-70.217766,70.370346
Beivanryja,2.0,2708562.8,266109.12,61.69124,1.8439004
Pheeweithungi,44777.21,2530282.0,-82916.0,3.2229137E-4,0.02756054
Sue,4.0,2529775.5,-82429.06,-35.54053,-76.46007
Ten,42779.875,2516173.0,133414.0,-0.02466889,-0.0015079716
Theta Mei,3.0,2515509.0,134512.39,54.066242,0.4174764
Ngyn,4.0,2516484.5,132508.86,50.01218,37.79309
Ci-keizifynwhi,4.0,2515424.0,133739.08,14.690319,76.41636
Quatyyir,3.0,2515615.2,133766.88,-25.110626,-71.7943
Thunwhen shue,2.0,2516855.2,132313.22,-50.578873,-14.435864
Ngoohoi,44869.066,2525577.0,232176.0,-0.009813684,0.006434022
Xeirei,4.0,2526448.8,232774.86,47.47217,-51.365665
Doobiethin-ngi,2.0,2524407.2,233448.03,33.29337,29.978424
Quu,44663.23,2591416.0,335639.0,0.0038236226,-0.015715692
Sir,3.0,2591329.8,335193.72,-86.38607,86.05244
Rieque,4.0,2590718.5,335010.47,-47.85455,25.252468
Ri,44872.332,2422113.0,420292.0,-0.0022866717,0.008472809
Xivanjimun,3.0,2423169.2,418998.62,-42.44341,-14.637677
Shie,4.0,2422942.2,420928.34,50.11628,-49.68515
Viewreidir,3.0,2421362.2,419494.62,35.741543,-38.98228
Pi Syjinveikuemei,2.0,2420917.2,421535.44,32.4957,30.868021
Jynngei-whiechie,44852.1,1757753.0,23736.115,0.0051017893,0.013196097
Saquie,3.0,1758797.6,22511.42,-43.289356,-14.109984
Kno,4.0,1758547.6,24248.777,47.328762,-58.06997
Din,1.0,1757525.0,24130.588,106.451584,34.466236
Po,2.0,1756615.5,24896.764,34.901024,29.860174
Chopiban,42700.52,2011255.0,-612755.0,-0.022640254,-0.0014601153
Finchinmazee,3.0,2010031.2,-611523.1,36.84227,19.667135
Reizynjoo,4.0,2010699.6,-614295.0,34.59001,-23.76065
Den,1.0,2012078.9,-612354.7,8.615981,-57.845142
Zeta Ngei,42794.95,1926770.0,-860557.0,-0.006654451,-0.007966779
Yen,4.0,1926928.1,-861431.25,57.140327,31.36718
Pinyn xirwavue,1.0,1926416.5,-860107.0,52.532494,52.45261
Fynkojy bea,3.0,1926264.4,-860132.3,-36.66863,-62.32564
Sandei,42820.344,2152045.0,-1085831.0,-0.022588288,-0.007314704
Dunkniyeexei,4.0,2152333.0,-1086487.4,56.156723,54.91264
Fynmie,3.0,2151470.2,-1085656.9,-5.064582,-77.212456
Dyzin,44862.535,2366057.0,-866185.0,0.014080922,0.014613902
Ya,3.0,2367277.0,-867374.06,-38.314495,-19.288532
Pin,4.0,2366531.0,-864743.56,-39.464092,19.450361
Shei,3.0,2365310.2,-866857.3,32.28904,-46.745934
Quiexi,42823.812,2844768.0,-821128.0,-0.015587112,-0.010311172
Nginla,4.0,2845074.5,-821719.5,55.561028,61.898323
Gan-wriwhyn,3.0,2844203.2,-821020.56,4.701813,-79.55977
So,2.0,2845504.5,-821995.75,-53.153732,-18.27985
Zeite lueshee,44685.97,2765920.0,-578955.0,-0.0046349326,0.0015430484
Mintieku,4.0,2765854.0,-579662.7,-74.008736,-29.221151
Shir,2.0,2765588.0,-578250.2,78.74913,-6.0382156
Quokny,44893.84,2675809.0,-731015.0,0.0074517475,0.009559908
Phue,3.0,2677181.5,-732243.4,-33.834614,-23.412937
Kneeshidirchinwrir,4.0,2676532.0,-729455.2,-30.679388,31.250652
Dea,1.0,2674996.5,-731795.6,-29.05588,38.727158
Zingeceiku,3.0,2674644.2,-731231.2,-6.9150314,-53.16449
Mufi,2.0,2674332.8,-729947.06,21.780731,39.112103
Fei,42670.03,2895453.0,-1046400.0,-0.015623367,-0.0044592437
Noo goo,3.0,2894052.2,-1045180.06,31.786993,24.358028
Phieyeaknoi,1.0,2896221.0,-1045420.56,34.75082,-25.398914
Bu,3.0,2896681.5,-1046373.0,18.453487,49.091564
Wei thie,2.0,2896964.0,-1047450.06,-19.106838,-39.755608
Xy,44811.99,2771550.0,-1406840.0,-0.018936466,0.024489967
Wre,3.0,2772689.5,-1407908.4,-41.153767,-16.929277
Chensoi,4.0,2772146.8,-1406346.9,56.24082,-63.69915
Choo,1.0,2771817.0,-1406546.2,98.34064,-65.76113
Dei,3.0,2771460.5,-1407632.0,64.57724,-8.353766
Phiequeiknen,2.0,2770406.5,-1405899.2,35.093277,31.951235
Knen,42737.164,2732125.0,-1237880.0,-0.018667985,-0.012732743
Venyeigenfunpo,3.0,2730884.8,-1236788.1,36.54406,20.1163
Ziciephen,4.0,2731665.5,-1239174.1,41.450844,-18.197771
Ruenoi,4.0,2731660.8,-1238617.8,-66.46513,39.465767
Co,1.0,2732653.2,-1238001.0,-48.331306,-79.25092
Fie,3.0,2732707.8,-1237202.1,-40.357956,44.384567
Xanfyngoi,2.0,2733398.5,-1238822.2,-28.063002,-35.17983
Shei,44886.38,2715229.0,-1057658.0,0.005845856,0.017759506
Shunkoimeabenmu,4.0,2715940.0,-1056188.8,-32.095688,30.801605
Wriequojeethun che,4.0,2715543.8,-1056661.2,69.88809,-16.85885
Gynyunphee,3.0,2714160.0,-1057923.8,-2.378044,-56.03837
Van madei,42667.56,2619486.0,-1175927.0,-0.010668072,-0.011427893
Cen,4.0,2618618.2,-1177461.5,24.836477,-37.458546
Na-linsiequan,1.0,2620178.2,-1174822.4,38.775215,-16.65803
Nenshy,3.0,2620711.5,-1176051.9,27.159737,46.61801
Mynbinyir,2.0,2621047.5,-1176923.4,-16.659344,-41.253494
Wreado,42779.816,2236516.0,-1434993.0,-0.007574735,-0.019242454
Gunveawyvei,4.0,2236300.5,-1436068.1,52.78889,-1.356802
Jeelovue,4.0,2235970.0,-1435444.8,-56.729298,66.59755
Kuevo,3.0,2236479.5,-1434251.6,-66.065895,-2.0970876
Ngyn,42759.4,2016871.0,-1694060.0,0.0073746024,-0.0010085492
Xoiknacoo,3.0,2015678.4,-1693032.8,38.13144,18.836456
Whea,4.0,2016385.0,-1694655.0,-64.49681,52.71012
Kan,1.0,2016858.1,-1694431.2,-121.76098,5.6102877
Tea,2.0,2018062.0,-1694939.1,-31.447279,-33.64157
Jir,44777.855,2777178.0,-1722218.0,0.010457498,0.013299149
Du,3.0,2778266.8,-1723187.0,-43.140026,-15.469965
Xynthoshi,4.0,2777259.8,-1721265.5,-59.93824,-11.794704
Yy,2.0,2776142.2,-1721383.8,40.19286,29.854643
Whyknanmycuben,44768.254,2687066.0,-1970021.0,0.004470289,0.013927947
Lambda Wrinknir,4.0,2687128.8,-1969100.8,-61.274055,-14.494914
Ngyn,1.0,2687539.2,-1970239.6,-16.885029,-82.449
Yynna zirei,2.0,2686043.8,-1969201.5,40.866062,29.589565
Peewha-tinkee,42842.27,2591324.0,-1649001.0,-0.008854985,-0.0033727658
Kei xea,4.0,2591526.2,-1649594.4,65.02268,55.95733
Gen,42815.168,2473052.0,-1316716.0,-0.012381616,-0.0066767754
Goiquyvoi,4.0,2472993.5,-1317587.2,62.000298,15.718844
Where,3.0,2472671.0,-1316172.8,-54.666454,-41.731255
Bunxiejoovea,42661.93,1842277.0,-1220971.0,-4.8363913E-4,-0.011893889
Cuephantheidu,4.0,1841340.0,-1222408.2,22.60013,-40.86849
Wei,4.0,1842279.5,-1222100.5,-68.067116,-6.383538
Yirluewee,3.0,1843425.6,-1221231.2,35.581306,44.75264
Che,42875.086,1656422.0,-1491296.0,-0.015895773,-0.024996154
Iota Fin,4.0,1656664.4,-1491708.6,64.64586,82.67509
Hoi,4.0,1655999.2,-1491115.5,20.24854,111.27852
Sho,2.0,1657230.6,-1491949.4,-52.143482,-24.289907
Ngenthi,44704.242,1515623.0,-1142117.0,0.010970186,0.033177547
Ly,4.0,1515401.5,-1141665.5,-68.75981,-77.25207
Geixyn nir,4.0,1516060.6,-1142255.4,-12.735719,-115.45359
Joikigunzee,44839.934,1994334.0,-1085795.0,-0.0022667611,0.022257457
Whinle,4.0,1995000.1,-1084608.9,-37.42841,29.19865
Zeeshenshoizoi,4.0,1994428.1,-1084914.0,77.32255,-12.951549
Whoimanwinyybyn,3.0,1993600.1,-1086210.2,19.659117,-63.46598
Shiqueangunwei,2.0,1992917.1,-1085038.2,21.189651,40.444553
Vun,44788.348,2416726.0,-32625.684,-9.373559E-4,0.024243463
Geawhirkunji,4.0,2417147.5,-31613.143,-51.14345,14.273631
Knoi,4.0,2416967.5,-31964.52,80.24263,-40.1429
Jea,3.0,2416568.0,-33312.086,66.48445,-24.93834
Banshorea,42703.69,2270296.0,-274797.0,-0.011082997,-0.003010915
Jeityfinto,4.0,2269452.5,-276027.22,27.688936,-37.95905
Whytavuexu,4.0,2270379.2,-275787.53,-71.98888,-5.184587
Tityn,1.0,2270866.2,-274004.16,40.49335,-32.77932
Duezynyanngen,2.0,2271820.2,-275532.53,-14.866947,-42.604107
Nei,44863.285,-849781.0,569990.0,0.010583538,0.0093464805
Rue,3.0,-848260.94,569013.1,-28.051996,-27.477772
Bea,4.0,-849850.5,570944.56,75.20232,1.8386343
Dendea,1.0,-850372.4,569362.56,-35.895477,48.06277
Fee wrunthutie,3.0,-850660.56,569850.4,-8.241604,-65.83341
Puchanthoi,2.0,-851285.44,570704.6,16.597649,42.65884
Thunzanrepa,42828.082,-1452397.0,885380.0,0.0013182814,-0.016819507
Luexiehoi,3.0,-1453611.6,886186.1,36.44401,19.930548
Toigei,44721.65,-1908582.0,738953.0,0.030389355,0.0076932437
Ngynknoingejue,4.0,-1908494.1,739644.1,-74.35964,-21.395142
Pei,42719.65,-2319712.0,260242.0,-0.013250835,-0.012698438
Mivundekimoo,3.0,-2321246.8,261165.08,25.97099,28.056873
Reeveedueshoi,4.0,-2320542.2,259119.62,28.961903,-38.0939
Kue,1.0,-2319184.0,260926.56,40.84659,-40.507748
Whooceequei,3.0,-2318862.0,260283.69,16.470121,65.54992
Wranmy,42742.938,-2246498.0,-252259.0,0.006064219,-0.0046830047
Kentei,3.0,-2247972.5,-251374.61,27.485346,26.670568
Knun,4.0,-2247223.0,-253312.0,34.96145,-33.122284
Yea,4.0,-2246388.2,-253116.08,-77.01158,-0.8187078
Yei,2.0,-2245073.2,-252876.33,-17.302624,-41.569862
Chu,44862.527,-1812841.0,-49509.0,0.0032026216,0.016020743
Meawroo neesu,3.0,-1811259.4,-50432.844,-25.526285,-29.076832
Da,4.0,-1813069.1,-48560.723,73.3165,12.385582
Leeknongei,1.0,-1813345.2,-50254.78,-44.35442,35.934116
Tee,3.0,-1813702.5,-49482.918,-22.918093,-65.60618
Leidealyn chynshue,2.0,-1814384.5,-48878.37,13.239587,44.142403
Shiloowho,44873.105,-1525615.0,-314207.0,0.016366472,0.016410032
Lueloiphyche,3.0,-1526483.5,-314095.66,-30.40063,-62.65972
Quinnin,44778.066,-2077543.0,-60770.0,0.020007493,0.014357065
Jea,3.0,-2076161.6,-61578.836,-30.947292,-24.359367
Tooknirzushaza,4.0,-2077019.0,-59863.348,-49.57986,21.364561
Nue,3.0,-2077761.1,-61368.15,65.88151,-40.085106
Whei,44744.465,-1733997.0,113820.0,0.015267722,0.014497954
Doi-phunke zoochea,4.0,-1733622.0,114628.55,-60.3145,9.80203
Cue,4.0,-1733905.6,114406.6,91.19368,-37.79103
Teifajue,42707.426,-815997.0,-184668.0,0.016872821,0.004165922
Yasenree,3.0,-817602.5,-183797.08,23.087183,29.881094
Vea,4.0,-815651.1,-185588.36,-69.28419,-20.124308
Yooqui,1.0,-815586.06,-183836.81,48.723625,-23.38871
Yoo-kunno,2.0,-814444.9,-185225.03,-10.128685,-44.558968
Jy,42854.156,-1024379.0,-280409.0,0.009540067,0.0072299265
Shinfipho,3.0,-1025635.1,-279698.78,33.52122,21.504244
Yue,2.0,-1023251.75,-280886.3,-30.504251,-36.604618
Gamma Pieposirbin,44827.047,-838527.0,-770383.0,0.014914261,0.0045521804
Thei,1.0,-839005.7,-770824.3,-35.520374,66.60156
Deichyyihe,44728.273,-849791.0,-1243462.0,-0.002226021,0.015633628
Quinwyn foi,4.0,-849780.4,-1242885.9,95.001686,-30.835714
Cir-zue,2.0,-850971.44,-1242996.5,28.259054,38.184376
Tir-ceishaboi,42828.613,-1176442.0,-1389890.0,-0.009272489,0.0063170153
Pei,3.0,-1177790.2,-1389175.8,29.743116,23.97072
Soinynthy,4.0,-1176926.9,-1390667.4,53.91871,-19.171242
See,2.0,-1175213.0,-1390344.2,-23.92328,-39.017235
Tirrea,44737.914,-1227130.0,-1220932.0,0.029744755,0.025525043
Vikninquu,3.0,-1225776.9,-1221640.8,-30.449686,-23.96505
Sie,4.0,-1226666.0,-1220171.4,-57.34276,17.405975
Voo,3.0,-1227111.9,-1221503.1,78.25942,-16.032515
Shichinfoo,42690.797,-1480566.0,-1277250.0,-0.0137147745,0.0013189523
Run,3.0,-1482256.8,-1276416.1,20.018576,31.954977
Tindoocy,4.0,-1481588.0,-1278249.5,17.81395,-48.79777
Ngee,1.0,-1480309.0,-1276250.4,51.761642,-1.0469812
Jeknoofyn,2.0,-1478946.9,-1277734.0,-5.36557,-46.370743
Yoi-zeevuny,42875.406,-1384825.0,-1479997.0,-0.004434876,0.0021048519
Pha,2.0,-1383690.6,-1480402.9,-28.32564,-37.572586
Leeroo,44704.344,-1593206.0,-1474364.0,0.014468541,0.01816364
Mei,4.0,-1592859.1,-1473696.4,-68.49953,6.6973305
Shareiny,4.0,-1593230.5,-1473832.8,99.65128,-31.33
Roi,42661.312,-1626998.0,-1063234.0,-0.013000699,-0.0128164515
Che,4.0,-1628116.8,-1064237.0,11.787007,-53.220608
Zuezanjipe,4.0,-1626376.6,-1064161.4,-58.34033,-37.667618
Yirwhi,1.0,-1626864.9,-1062075.5,49.40365,17.76626
Yinwhugan,3.0,-1626338.0,-1063884.0,68.84115,24.922853
Jeehiele,42665.15,-1176446.0,-1181502.0,-0.018769022,-0.013378778
Zen yeidingun,4.0,-1175808.8,-1182409.0,-57.987106,-38.31149
Xu,2.0,-1174762.0,-1181943.4,-1.5001966,-47.94572
Miryoowry,44854.332,-1722741.0,-1209661.0,0.015243967,0.012801995
Weiwhinpun,3.0,-1721072.0,-1210437.8,-20.56084,-31.490149
Meiwreechunthan,4.0,-1721780.5,-1208752.1,-22.300282,47.158234
Wrejagan,1.0,-1723036.1,-1210468.2,-55.35855,19.501286
Meaphiwuewran,3.0,-1723427.6,-1209402.1,-48.671722,-63.63673
Ngizin,2.0,-1724309.6,-1209241.9,6.8966584,46.171772
Fuveenoo,42831.0,-1632631.0,-832322.0,0.0022887941,-0.0050566574
Min,4.0,-1632355.8,-832968.5,-83.96943,-6.0334606
Pho,44837.797,-1176448.0,-854847.0,0.009085613,0.012130727
Quiecir,4.0,-1176978.5,-854062.7,67.3771,29.591621
Kooken,3.0,-1177093.8,-854694.4,-39.702732,-74.46886
Yeaveizue,42724.28,-1936756.0,-1130809.0,-0.005527849,-9.46198E-4
Weiwrea,3.0,-1938418.9,-1130076.9,19.034452,31.574776
Nginzir,42896.89,-2190192.0,-1508146.0,0.004827027,0.0040955096
Phe,2.0,-2189084.0,-1508464.1,-27.324913,-37.992363
