Pi,1456121.2,4197.825,-2319.3792,8.792875,3.313115
Zuevinxir,1.0,11609.85,-971.8414,2.151828,120.17415
Ke,4.0,482.4847,-243.74635,24.565466,-194.5993
Reihuezan,4.0,9121.929,-1512.0575,-6.2878065,162.55559
Kyn,3.0,4901.225,-6692.762,161.3823,162.61176
Pheijolan,2.0,1373.6793,-1182.6688,-125.52159,-155.67917
Fyn,3.0,9811.125,78.04104,-15.997268,141.97548
Mu Voi-gan,44894.703,16826.63,31835.453,-10.524167,-34.515472
Chee,3.0,17777.674,30435.5,-55.20653,-46.451115
Leyun xe,4.0,18171.81,31957.416,7.0677104,-89.99006
Voo wei,3.0,17226.479,32281.934,-86.5638,32.76946
Chir-quen,44787.586,36544.29,12461.245,-32.905277,-18.77321
Knoi,4.0,36789.1,13413.872,-90.98109,-16.226574
Hevamoi,4.0,36554.824,13180.546,52.198196,-38.430843
Wroo,42729.875,43338.977,-8509.443,-35.20735,9.664632
Gun,3.0,43618.188,-9227.438,-106.56952,-40.862167
Gamma Pinbyn,4.0,44499.38,-8494.953,-47.730896,-49.3854
Eta Wo,1.0,43987.38,-8248.115,-30.118103,-63.184956
Seibunzooquee,3.0,43252.51,-7611.26,-93.415215,-8.747572
Ze,2.0,42948.86,-9799.054,-82.0537,38.771027
Whea yun thoyoci,44895.84,45381.71,-40974.133,-11.498932,13.1214075
Thei,4.0,45537.09,-39068.117,-47.958767,23.405346
Xendirxiexoi,42822.992,30234.389,-3634.6316,-44.816532,5.0195208
Do,3.0,29799.672,-3169.2915,-93.33729,-46.463688
Phoo-cen,2.0,29626.86,-3764.0894,-53.275665,101.85395
Zir,44874.574,7537.64,1002.74286,-154.82455,-151.9052
Xynwheiquixun,1.0,7790.0522,1312.6299,-64.8994,-240.88062
Mir,3.0,6875.1562,-115.72678,-140.86111,-207.59123
Cheinieba,42693.88,-24019.797,17810.477,27.684328,-18.509644
Wruequa,4.0,-24797.43,16429.488,57.978146,-52.05737
Teenei,4.0,-23504.098,16927.95,-36.47789,-50.015636
Thovochiquue,1.0,-24401.732,17561.477,-44.768288,69.6094
Re,2.0,-24520.24,18812.736,89.23753,11.996672
Wran,42847.406,-45669.85,-25417.457,14.278713,7.9670625
Me,3.0,-47037.83,-24760.031,42.140648,32.332863
Whin,4.0,-45822.395,-24909.504,-84.34191,10.926151
Feiwuedyjin,4.0,-46030.945,-24883.674,66.94565,79.41417
Zerucenjue,2.0,-46161.367,-25646.068,-16.532688,109.2005
Bu,42756.42,-66385.47,2850.338,10.848328,-0.36353037
Phir,4.0,-66274.0,1663.2905,59.698418,15.219594
Pi,4.0,-65228.21,3173.0752,15.587677,-55.151554
Chu,3.0,-66965.55,3206.2202,-11.500517,-75.032455
Teitogintea,2.0,-66197.195,1577.2477,-44.066944,6.557442
Queephen,44691.18,-2940.1108,-30381.74,10.263658,42.08504
Lei,44870.457,-22640.479,46057.895,7.2675996,-14.854701
Shir,3.0,-20799.756,45734.188,2.9189298,-52.616837
Shyn,4.0,-22795.453,47707.203,-33.298664,-20.114748
Peiwhijiewir,3.0,-22418.145,46582.95,-84.72402,29.084541
Ngeihei,44726.816,-75307.01,45320.082,5.8006706,-3.6785676
Ziegoi,3.0,-73765.516,44880.977,-9.486706,-33.60008
Knan,4.0,-74809.8,45300.414,15.581738,-114.281715
Feknaxee,2.0,-75200.59,46011.86,82.37925,-49.681885
Ninthun-yo,44696.53,96723.3,22888.326,-7.051054,-1.4777771
Jy,4.0,97210.03,23511.701,-67.429436,19.041607
Ziewhychei,42893.207,99644.16,-32651.682,-5.6733527,1.963369
Reepyzun,4.0,99865.12,-32389.979,-92.29064,102.57939
Yunka,2.0,100749.69,-32220.244,21.203161,-34.21494
Wren,42746.62,70128.52,38213.633,-6.8186445,-5.9194627
Whu,1.0,69867.164,37903.938,-103.17911,59.194366
Ta,3.0,70221.59,37706.633,94.38996,3.9084024
Neishingue,42822.957,-45612.133,-100946.17,1.6745605,3.9707024
Theezeeknoocea,4.0,-45409.605,-101654.55,62.649685,49.085655
Quanmiewhaty,4.0,-45703.66,-100067.24,63.339188,33.52354
Fegirmei,3.0,-45966.453,-100404.14,-56.450985,-34.303825
Sir,2.0,-44835.7,-100143.43,54.921402,-18.497618
Zirngeishynxeiwy,44688.445,70930.51,-112158.08,-1.7197369,3.932282
Mi,4.0,71636.9,-111717.38,-40.613792,45.159595
Hanfunphan,4.0,70399.086,-112905.17,-59.629715,17.197083
Dingoiquungei,2.0,70851.92,-112851.87,-81.86724,-27.88011
Galeijee,44845.055,54676.36,-80279.664,-2.4098592,5.053814
Poquoowrei,3.0,56471.16,-80355.086,2.1587718,-32.67553
Lin,1.0,54733.03,-79860.35,113.67446,-16.633228
Heivero,3.0,53901.684,-80674.7,13.637931,-58.119053
Kniebi,42809.77,280193.66,-36115.895,-1.1932774,0.14673954
Luntheifie,3.0,280158.0,-35274.527,67.33821,-38.702595
Piejea,2.0,279570.9,-35911.94,24.291454,90.871124
Chylu,44772.023,262185.6,113820.555,-0.8956821,-0.4515984
Epsilon Coiwrea,3.0,261914.64,113213.914,-62.627678,73.86096
Reefu,4.0,262838.1,113425.24,59.43577,48.841476
Sea,4.0,261993.23,114529.0,84.15636,-0.21945596
Peebenun,3.0,262644.56,113333.805,45.039852,55.134933
Zeta Tachoknen knei,44771.41,199220.3,11131.417,-1.6454471,-0.3271032
Yypuewa,42704.953,128312.6,122998.23,-1.2545648,-1.6108043
Teejun,3.0,127292.664,122045.8,-50.70538,19.279583
Bo,4.0,129521.36,123428.586,6.054278,-57.781467
Xa,3.0,128982.055,123871.375,-41.281853,30.006422
Rinkoo,44668.496,17619.832,119677.164,-0.43154815,-3.0140736
Yun,44674.59,-42005.984,178977.75,0.6752719,-2.0044305
Can,2.0,-41873.094,178437.61,-79.0554,-66.672066
Coolircin,44817.97,-107194.02,99318.76,1.9538827,-1.7907112
Ho,3.0,-105465.164,98865.62,-8.643945,-35.741455
Licheiquy,1.0,-106721.96,99356.7,36.590664,-97.973335
Theta Cei,2.0,-108697.8,99446.734,1.3602272,44.68012
Wreitinhe,44857.113,-243007.4,88929.64,0.9127191,-0.21391106
Die,3.0,-241705.75,89704.64,41.26599,-29.084997
Thiknei,4.0,-244067.55,89285.88,34.11333,56.120358
Hen,42720.734,-187542.53,-41703.55,1.5788562,0.3964486
Kopi,3.0,-188849.62,-42453.055,-37.27026,28.899712
Firloi,4.0,-187983.5,-43100.32,41.419247,-17.35251
Phyndirwue,3.0,-188145.95,-41334.785,-18.406631,-77.66772
Pho,44694.977,-267906.56,-83405.53,1.0064846,0.4719443
Giknoo,3.0,-266504.34,-83096.27,28.564425,-28.636793
Ceishee junnywhen,44725.28,-119173.82,-199706.47,0.6230115,1.4352298
Ngu,44722.38,-201902.69,52854.008,1.0647397,0.0049525816
Xashun,3.0,-201407.62,53545.633,78.50837,2.5884943
Gen,4.0,-201338.56,52455.76,67.787895,41.599308
Fuepecepheihei,2.0,-203117.44,52478.957,-21.1745,40.33056
Tenwhyhei,44874.97,-338873.62,17393.115,0.9318434,0.21517241
Veican,4.0,-339567.88,16045.678,-39.698647,28.010874
Gei,1.0,-339221.9,16486.258,-50.88907,14.994968
Wiewei,3.0,-339796.22,17416.69,-22.001295,-61.959164
Lie,42870.22,-353849.44,217752.27,0.6402954,-0.4869672
Xyn,44860.78,-357545.44,123792.766,0.9385961,-0.17705317
Doce,4.0,-358744.16,123249.64,-11.89113,54.082767
Ma,2.0,-356455.9,124190.78,11.786443,-65.94014
Pheikoofir,42778.203,-195108.55,151100.38,0.4543742,-0.76450706
Nan,3.0,-196814.55,151452.64,7.702094,32.92772
Jue,4.0,-195268.8,152175.03,55.258133,21.9471
Vemynveingyn,1.0,-195362.27,151673.02,61.77648,34.448917
Nu,3.0,-194589.67,150997.14,37.54889,86.8338
Knyncun,42852.516,361270.5,181040.38,-0.58827335,-0.3105863
Reiweejo,4.0,361603.22,181891.97,61.14469,-0.58357
Saphee,44668.5,425372.06,-58524.137,-0.84229666,0.6989049
Meiseshuvan,42685.523,370623.4,-173073.33,-0.5469181,0.44898063
Tunthi,3.0,371473.2,-172751.4,13.9217,-77.58908
Xootyn,3.0,370759.4,-171936.19,-53.097664,-9.902957
She,42847.56,173832.48,-115121.61,-1.4404807,0.86895835
Gee,3.0,173463.14,-114264.1,66.56231,-16.226614
Vir leicen,4.0,173471.9,-115873.586,60.398495,-8.009641
Wynchanquooyei,4.0,173332.42,-115159.445,-20.2236,107.40062
Theewee,42823.39,208065.56,-50450.633,-1.4907789,0.32660753
Lyzy,3.0,206811.3,-49648.5,33.348324,21.672068
Xo,4.0,209087.44,-50572.72,-24.117092,-52.500664
Fethan,42809.125,178820.84,90093.68,-1.3636955,-0.74336636
Hee-yun-ngeeky,4.0,179784.2,90762.63,27.094122,-41.625896
Whi,3.0,178450.06,89801.195,78.271416,-62.53503
Knirphue,42800.285,-118219.9,5601.5854,2.7063398,0.031132054
Mea,4.0,-117637.27,5370.833,11.582469,90.52393
Thaknu,4.0,-117511.81,5051.416,-54.762486,-39.344936
Po,1.0,-118618.2,5995.274,46.985653,61.97682
Ngu,2.0,-118412.14,6394.893,72.516556,39.102787
Cothan,44852.977,78858.0,183888.98,-0.72346467,-1.219302
Luntirquoo,4.0,77904.92,184287.67,-2.7555528,-68.485825
Zoo,4.0,79720.27,183009.19,-33.262367,-49.7984
Welynchin,1.0,78617.54,184281.88,104.60836,34.76406
Que phir,44886.94,17824.365,200800.14,-0.12063203,-1.6222858
Sanwenxi,4.0,18052.44,201833.02,70.68203,-12.519708
Xie,1.0,17249.951,201126.12,69.97337,51.75836
Chun,42879.91,-174826.95,223247.84,0.247185,-0.72971725
Jee,3.0,-176365.0,223239.23,-8.378717,30.97097
Binjan,44721.832,-250131.69,174383.95,0.45623097,-0.864861
Gunsiehuncinshoo,4.0,-249778.02,175112.84,-64.65084,6.455538
Juethihun,4.0,-250298.92,173530.4,-66.05248,-14.94422
Ro,2.0,-251449.86,174316.38,-2.8897867,42.577744
Thukieshue,44687.18,-271830.44,139152.72,0.8702675,-0.21837519
Wundoodun,3.0,-270275.2,139098.03,6.149257,-31.79591
Yogue,4.0,-271163.75,138874.03,50.452183,49.10412
Wu-sunxunbenlun,4.0,-272847.16,138797.1,-14.220505,44.686256
Socei,2.0,-272687.38,139739.88,51.416653,27.545279
Byweisheequoochue,42876.47,-358083.84,-145086.25,0.46471623,0.24682488
Feewhin,3.0,-359457.25,-145408.66,-27.14746,29.781534
Wywregusun,2.0,-356857.3,-145276.45,-13.8836355,-41.22843
Dirtan,44771.13,-128092.23,-143668.61,0.9124905,1.0870721
Hohoijan,4.0,-129106.12,-143454.22,29.993185,54.26348
Dokooshoo,2.0,-127539.62,-144076.11,-44.212265,-80.69633
Calengoify,42838.938,-165402.84,-103018.75,1.1121224,0.5679827
Thiree,3.0,-165884.34,-103745.15,-73.75466,-2.3151782
Xanseabea,4.0,-165663.92,-103489.9,-80.38121,64.0914
Sinlyngyquunknea,2.0,-164665.11,-102228.9,55.6903,-19.802454
Wroi,42786.355,-93547.62,-115203.86,0.8453602,1.1273249
Satoo,3.0,-93570.13,-114303.266,66.574936,-35.836327
Cyn,4.0,-94191.95,-116085.34,42.63121,-28.41863
Kin teevylea,4.0,-92551.39,-114529.516,27.16362,-42.02389
Dunnoitei,42781.598,-48134.34,130143.62,0.75145143,-1.4119895
Yan re,3.0,-48383.215,131155.11,64.071266,-21.725906
Luejei,4.0,-48988.926,129470.7,27.424604,-46.42434
Tue-wrangie,4.0,-47309.707,131035.1,38.867252,-34.539623
Cunchugei,3.0,-48446.945,130785.0,-57.65061,-36.46107
Xunfoi,2.0,-48116.516,129083.945,-60.72893,18.479763
Knir,44819.863,307241.34,198732.27,-0.21380481,-0.45678967
Ditheewry,3.0,308285.0,197600.33,-44.33654,-14.426346
Ngee,4.0,307598.34,197631.11,-51.300797,-30.255856
Phoiwoivue,1.0,307470.6,198082.67,-61.49755,-33.808346
Ni,3.0,307192.56,199225.78,-106.0197,-7.0660896
Ten luknei,42736.99,231925.47,203463.34,-0.24831223,-0.5715057
Cisoiyienge,4.0,230961.75,203817.0,9.113239,65.43361
Zeeramir-xea,1.0,232364.16,203247.28,-68.84034,-74.45509
Thue,3.0,231640.08,204234.75,-55.467278,-35.998238
Keecun,42682.29,362154.44,65089.305,-0.302689,-0.25403747
Sheijei,3.0,362396.6,66275.17,-51.132698,-5.557869
He,2.0,362464.97,66279.88,63.35656,-9.888285
Thenwhetei,42701.934,454377.75,113250.64,-0.48038968,-0.11993775
Sheaxoi,4.0,453681.3,111859.26,32.03132,-30.091684
Knucin,4.0,454682.84,112312.67,-70.451706,-18.462421
Xyxoo,44777.62,462481.75,4030.3552,-0.7518612,-0.07111779
Baknie,3.0,462559.0,3125.0718,-68.76343,34.185337
Phun,4.0,461498.2,3317.1543,-30.317194,41.326977
Dy,3.0,463066.0,3799.2021,10.946548,78.44302
Yu,44662.47,396692.97,14854.209,-0.29331413,-0.30221117
Wisharu,4.0,395712.9,14764.905,6.076557,48.30092
Wheiboi,44678.27,403472.0,-27182.58,-0.14239557,0.18345389
Ziebie,4.0,403184.5,-27331.283,58.78671,-127.966125
Yupo,2.0,402223.75,-27103.992,9.326006,41.49442
Keako,42841.4,282616.12,-133710.5,-0.5785945,0.377045
Ry,3.0,282963.97,-133381.56,46.599834,-107.19594
Tenduzy,42840.586,121179.68,-174366.95,-0.04869402,1.1024746
Voigoi,3.0,121539.195,-174074.47,42.64406,-110.81579
Veite,4.0,121512.43,-174088.27,-71.846825,92.34274
Coinei,4.0,122039.81,-174707.08,-42.68954,-45.60904
Fun,2.0,120892.445,-173778.8,67.54641,63.925457
Ziquyn,42729.973,146233.16,-144561.89,-0.4466391,0.6865601
Hue,3.0,144573.25,-143912.48,16.01409,33.433662
Rathei,4.0,146402.75,-145917.9,43.93973,13.141552
Xo,1.0,146206.45,-143791.0,61.54816,11.678655
Fa,3.0,146958.97,-144054.61,-25.674196,56.883408
Thun,44849.56,192319.72,-168980.86,-0.8408887,0.841528
Jen,3.0,194048.72,-169579.69,-15.217645,-33.122757
Chynsheichomir,1.0,192452.17,-169739.36,-62.42103,-22.775757
Runnee bi,3.0,191545.62,-169383.2,15.993816,-61.84877
Queifee,2.0,190795.92,-169096.0,-13.40894,48.52742
Dirngyn,42710.844,163120.69,-74074.24,-0.817833,0.19033092
Pyn-zy,3.0,162563.94,-74243.37,42.5656,-86.9544
Whejeangi,42847.16,-291338.9,81914.08,0.8040108,0.11358505
Shir,3.0,-291160.94,82452.734,71.22682,-76.793045
Zu,4.0,-291145.1,82303.1,-92.83913,66.763084
Wechoiyikna,3.0,-291501.8,82471.195,-73.45999,-6.833887
Wrue-wirwhee,2.0,-291689.62,82404.41,62.285667,75.74311
Luesoowin,44839.363,26021.418,157775.4,-0.32050225,-1.2060096
Thea-gun,4.0,25865.258,159078.34,-47.133957,-15.781969
Jea,4.0,26411.562,158542.39,70.74372,-37.665318
Cee wrincei,3.0,25369.057,157231.94,31.487967,-57.975746
Honeiwei,2.0,24524.777,157631.0,-13.593603,46.05712
Wryn quuvindacir,44835.63,461481.38,201245.36,-0.59198475,-0.124819584
Nygyn,1.0,461413.78,200494.1,-64.881874,3.0352285
Moo,3.0,460865.0,200681.2,34.624573,-55.517944
Yir,44796.57,420110.0,220881.38,-0.11442884,-0.42638493
Nynshoizea,4.0,420130.94,220279.38,97.272354,-11.464072
Phynlyfoi,1.0,420346.84,220308.84,-64.93251,-32.66062
Ngynwhaxodynxoo,3.0,420308.34,221303.47,-103.027016,32.706326
Renloiyeiga,2.0,418837.6,221566.95,27.123629,37.52681
Gei,44860.633,-94309.0,-460145.12,0.022589933,0.19946435
Ci,4.0,-95513.77,-460655.53,-11.174152,55.414516
Ven,3.0,-94239.74,-461118.06,57.379986,18.36046
Knin,2.0,-93973.39,-461184.66,-64.5184,-28.053003
Kee,42658.83,-177308.06,-489949.3,0.14995101,0.18933177
Jan,3.0,-177223.34,-491108.6,-63.103996,-21.46582
Nyn,4.0,-175850.16,-491615.62,16.554289,30.441883
Foze,4.0,-178033.78,-488166.06,38.407867,13.263512
Fie,1.0,-176763.62,-488721.06,43.095093,-3.9641602
Hawrir,3.0,-177945.86,-490014.25,27.657927,-93.665565
Knea,42778.363,-149633.34,-394172.0,0.16623321,0.11076901
Pho,3.0,-151341.17,-394066.47,-2.2830667,35.24996
Yeichuwhan,3.0,-149503.92,-393449.84,-64.72076,17.37112
Kete,42702.71,44051.973,-479298.12,-0.10912085,0.29128557
Wreagan,4.0,43687.957,-478650.7,-82.428406,-33.097652
Bunfeifei,4.0,45024.668,-478293.84,30.123476,-41.545094
Finknee,1.0,43584.023,-478831.9,32.258007,75.863525
Si,2.0,43172.83,-478662.4,42.702732,55.080235
Knue,42791.188,173614.7,-261889.08,-0.34156,0.5186532
Whinpin,3.0,171938.55,-261672.58,1.6678408,34.69632
Xeso-lee,4.0,173141.08,-262340.6,-62.185986,68.56327
Ngahanwre,1.0,173724.05,-262200.62,-123.24138,-39.479263
Loichoi,44856.51,81241.875,-304423.88,-0.07287571,0.48124284
Xenphunsacan,3.0,82539.76,-303628.47,40.870453,-27.614578
Vancin,1.0,81068.64,-305261.4,-59.137024,6.920421
Ta,3.0,81220.96,-305393.5,58.49929,10.591064
Ben,2.0,81679.695,-305377.06,-62.98205,-35.189068
Kappa Sheewru pynnyn,42763.004,113506.984,-228152.1,-0.07080783,0.6393703
Ponei,3.0,111841.61,-228357.44,-15.631817,35.54288
Bencymie,4.0,114131.48,-228825.67,-62.47992,-33.963158
Jynnun theibie,1.0,113131.39,-227661.62,48.152832,57.550797
Sha,3.0,114108.18,-228131.17,17.098656,84.83021
Jeingenquuquoo,2.0,114618.47,-227476.08,38.80685,-36.120735
Royeipybea,44755.812,-5265.794,-270695.12,0.1175407,0.45847923
Shinforei,3.0,-5237.449,-270303.28,-118.47363,-8.045352
Phynbe,44801.375,41314.21,-418517.0,-0.03982465,0.14831235
Gun,3.0,42993.24,-418373.34,13.704653,-35.336044
Chuesy,4.0,41385.918,-417432.0,-54.888126,-8.399874
Phunshunseikirzy,4.0,40867.715,-417783.62,73.23487,22.84305
Myncuepho,44802.945,6682.5176,-566264.0,-0.16729763,0.20145401
Zie,4.0,7113.575,-565175.6,-48.726524,15.540188
Girxin,4.0,5851.5503,-565745.56,49.978317,46.529335
Quy,1.0,7148.4336,-566601.8,-30.4089,-76.166595
Nga whoicoo,44901.996,-29860.404,-651562.0,-0.014897119,0.2934955
So,4.0,-31219.473,-650642.44,-7.9867816,-46.84756
Den,1.0,-30731.283,-652324.8,-25.786104,40.265663
Gy,3.0,-30188.186,-650905.56,-86.543045,-12.239131
Goi,2.0,-28686.129,-650463.06,26.405596,-44.87983
Qua,42863.164,-51784.4,-563828.0,0.11154189,0.14315604
Zirchun,3.0,-53277.582,-563366.75,17.072788,28.671938
Thun,4.0,-52649.46,-563953.4,-1.8800204,-56.053577
Sun,42708.625,-129766.82,-632066.0,0.11599143,0.1892425
Knin,4.0,-129507.914,-631386.56,-86.60344,23.5078
Readanzeeli,4.0,-129121.35,-630755.7,41.570137,-25.36157
Pipa,1.0,-130143.58,-632302.5,-71.8742,87.48471
Heinoi,44753.664,-275989.9,-524835.0,0.15683845,0.13285846
Dee,3.0,-274323.88,-524952.56,2.3605747,-33.809772
Fomee,44744.35,-40837.887,237977.89,0.14949974,-0.65047073
Quo,3.0,-39188.92,237929.6,5.6141396,-34.37163
Jeifanquue,4.0,-40299.316,238073.56,28.078106,-101.30028
Pookanwhe,3.0,-40297.61,238006.88,-29.869074,80.293106
Tha-hoo,44845.71,124047.56,281640.62,-0.14910688,-0.41275942
Run-whepieje,4.0,123028.98,280785.66,-28.669096,43.79988
Quirque,1.0,124171.94,280894.06,-62.251076,-23.161062
Quu,2.0,124795.93,281025.25,-46.686512,-60.56272
Knea,44862.59,-29520.06,322055.97,-0.011536462,-0.42470798
Ngenyquei,4.0,-29961.379,321442.97,79.91978,-40.506077
Lypea,4.0,-30074.582,320709.47,-44.665485,21.398409
Wrojeishoo,1.0,-29410.137,322477.56,112.3281,-36.828476
Gei ngirwry,2.0,-28396.51,322230.7,-0.033190787,-68.55529
Tunvin,42888.363,-103877.516,419058.5,0.047653854,-0.29844895
Wrynmiemeifan,3.0,-105293.445,419512.3,19.47659,26.714476
Deefe,2.0,-102928.61,418531.56,-42.94325,-31.493248
Chi,44730.785,-158836.11,304274.62,0.1101637,-0.36414587
Hizydan,4.0,-158334.4,304344.5,23.92818,-107.89083
Tirpei,3.0,-158447.95,304516.3,-77.071884,64.70679
Gynsu,44734.41,-304323.0,323678.06,0.20221396,-0.25379974
Niewanci,4.0,-304519.25,323261.28,95.34697,-63.07711
Vei,4.0,-303912.2,323994.3,61.56643,-90.20335
Ry,44668.61,-250968.28,262244.25,0.2188492,-0.2940027
Wrinhirdei,2.0,-251578.0,262858.72,67.53064,15.033408
Dea,42911.168,277666.0,451402.75,-0.0850501,-0.16875115
Shywheaquu,44691.207,701762.0,-170276.0,-0.13964875,0.024936957
Ruewri,4.0,702599.44,-170166.55,0.09714186,55.712387
Cha,4.0,701645.9,-171007.03,-73.07182,-23.275362
Thun-zijoo,44670.64,748291.0,-341885.0,-0.11250082,0.060873505
Hunjimin kendei,4.0,747834.25,-342610.47,-62.82226,7.4516435
Wru,44877.67,646492.0,-338976.0,-0.033652652,0.101140566
Cen,4.0,645316.25,-338423.2,-1.6707834,-57.485966
Thawueseivin,4.0,646737.06,-340517.47,-46.82556,-8.648491
Nirpi,3.0,646076.94,-338408.66,-82.212685,-29.126257
Whincha,42817.64,614502.0,-155732.0,-0.09690094,0.019053927
Chenze thyn,4.0,614580.75,-156521.95,63.23424,30.786755
Viewhawruchea,44805.285,-1210980.0,603105.0,0.010415638,-0.005693429
Feijun,3.0,-1210600.4,603992.8,73.43424,7.349881
Wovo,44661.734,-1100670.0,441888.0,0.019034572,-0.0016617324
Ma,2.0,-1101857.1,442023.84,15.305676,40.897514
Shoi,44662.223,-1359462.0,323096.0,0.021413358,0.025879672
Hin,4.0,-1359254.9,322652.5,-69.93777,-82.135994
Ja,2.0,-1360669.2,323192.16,12.172017,41.164257
Phueshan,44800.44,-1418853.0,598862.0,0.017908541,-0.0035006227
Xynbee,3.0,-1418394.1,599732.0,72.04306,3.0465388
Mu Kin,4.0,-1419865.9,598142.8,-27.278872,43.63033
Taroi,3.0,-1418493.4,598223.94,56.01846,40.75756
Mea,42861.75,-1754007.0,721896.0,0.030719006,-0.031989634
Nunchywhanwrenta,3.0,-1755390.6,721587.2,-26.597374,30.119467
Peizupyra,4.0,-1753660.2,721605.4,42.172905,102.331825
Goizy,4.0,-1753559.0,721347.7,-77.97025,-20.426958
Gee,42828.227,-1923702.0,318853.0,0.01848793,-0.0113453455
Koo,3.0,-1924793.6,318241.75,-46.48776,23.213661
Keeku,4.0,-1924182.8,318071.56,53.997673,-19.11914
Timan,4.0,-1922705.9,318736.66,-23.843641,-52.98874
Cungynlee,3.0,-1923369.1,318724.66,57.59103,109.12241
Pheixynlen,2.0,-1923047.0,319690.34,57.975117,-15.816984
Xo,42886.06,-1558838.0,552193.0,0.037809934,-0.026409352
Zu,4.0,-1558671.8,552528.1,-97.65943,78.40075
Shynchei,4.0,-1558694.1,551659.2,-97.15885,14.64321
Hookoi,44682.184,-1278825.0,967963.0,0.013202463,-0.034133527
Casea,44675.254,-1210941.0,785533.0,0.016344594,-0.009800712
Wro,42890.285,-812137.0,785533.0,-0.011570194,-0.016726753
Whan,4.0,-811993.25,785010.56,-98.23144,15.04121
Seizu,2.0,-810943.1,785850.4,17.948448,-38.861076
Phoi,44669.44,-820615.0,1048571.0,-0.011524919,-0.033928316
Renwyga,2.0,-821841.5,1048465.94,-2.46072,41.140724
Nin,44880.562,-926675.0,840686.0,0.005136867,-0.0021625792
Hei-kneeloo,4.0,-925654.94,839589.3,-31.171782,-39.774197
Zanva,1.0,-926683.3,839752.56,-56.819305,-16.830404
Do,3.0,-926063.2,840226.94,24.60659,78.029854
Thingeivanphoi,2.0,-926470.6,842329.5,46.271908,-14.677587
Xeithoke,44693.67,-935156.0,1023115.0,0.02587922,-0.019473905
Han,3.0,-933797.7,1023416.56,28.06201,-29.97034
Ngin,4.0,-935509.94,1023143.6,7.5630817,-133.37274
Alpha Wreebir babo,44707.1,-1045457.0,874626.0,0.025710175,-0.018232547
Jikoo,3.0,-1044201.06,875052.75,36.62421,-27.931583
Synfunzenchoo,42656.113,-1401826.0,827957.0,0.008882517,-0.0050413627
Bose,4.0,-1403510.0,828252.3,-3.0035253,46.663807
Wrynganknielue,1.0,-1401061.4,827595.6,-61.236973,-42.939713
Phie,44696.348,-1529097.0,895838.0,0.06524883,-0.012185444
Feshy,4.0,-1529349.0,896217.44,-64.306595,-90.88502
Sie,4.0,-1529699.6,896306.06,67.86969,32.468548
Shiemoojie,42718.24,-1529093.0,382490.0,0.01942073,0.014119102
Knan,3.0,-1529448.8,382082.7,79.8864,-62.28257
Keangeaknei xue,42675.043,-1507876.0,34600.0,0.008839709,-0.005060638
Wruewree,4.0,-1507430.9,32549.545,32.539852,6.6113853
Kyn,3.0,-1507437.9,35851.016,-47.18526,1.6099461
Peineaxeitoowi,2.0,-1507632.6,32696.908,-41.679058,-2.643295
Ceineixo,44905.453,-1711514.0,475825.0,0.04598492,0.030398235
Xo,4.0,-1712001.9,477826.84,-33.439888,-9.192294
Guechan-je,4.0,-1710039.6,475249.5,-8.227079,-49.43999
By,1.0,-1711051.1,475981.8,53.568367,-100.59176
Hotubuephi,3.0,-1711795.9,474592.9,50.946774,5.247524
Gehue,2.0,-1711732.1,477721.06,43.16322,1.536025
Wrie,44722.484,-918154.0,335821.0,0.026085967,8.812507E-4
Ren,3.0,-917120.0,336403.28,50.456417,-21.757011
Pypun,42656.227,-561776.0,560676.0,0.027899973,-0.06524222
Pu,4.0,-561558.4,558355.0,31.15718,-3.3986306
Cu,4.0,-563441.1,560827.06,-7.469783,47.285435
Sawrei,3.0,-560685.25,561876.1,-31.424742,21.581438
Lirwynquuje,44850.617,-1312702.0,1167360.0,0.01860593,-0.04369657
Ngirchuexan,3.0,-1313290.0,1166750.6,-40.011063,74.27824
Yu,1.0,-1313176.9,1166688.4,-45.04414,41.70906
Wreijee,44666.01,-1046017.0,166961.0,0.027634399,0.015150884
Cidu,42777.766,-669482.0,1200212.0,0.002964271,-0.057473436
Yeekujei,4.0,-669506.3,1200809.0,-95.772575,9.892813
Wro,4.0,-669136.06,1201328.6,53.086563,-7.0710797
Ngencheicoovymir,1.0,-669898.94,1200096.6,-52.755016,90.02383
Shue,3.0,-668951.3,1200517.5,-23.237345,78.59094
Quopiefe,2.0,-670085.9,1199603.6,-41.470387,66.402374
Wreithee,44821.703,164788.0,725920.0,0.009489341,-0.042330075
Duben,3.0,164544.5,725067.94,-59.951073,53.127125
Hun,4.0,164020.97,726270.8,-7.7753186,-76.21514
Knun,3.0,164927.66,726392.8,-103.46063,25.470863
Yy-tea,2.0,164873.42,727113.0,57.29022,-21.76361
Kei,42730.234,743248.0,848172.0,-0.028830161,-0.028655153
Pu,3.0,743266.1,849275.94,58.511852,-30.153873
Mirziela,4.0,743855.25,847072.8,36.06939,37.411694
Quue,3.0,742635.1,848455.44,-12.51045,-81.44323
Coiwuntenxi,42841.344,-1180199.0,-971810.0,0.0016830638,-7.067324E-4
Wueyanga,4.0,-1179371.4,-971086.9,37.79569,-33.0068
Xeiwhenke bir,3.0,-1180547.5,-971297.75,-59.656956,-36.29942
Knithue,2.0,-1180708.6,-971564.25,33.386032,97.311066
Dymun,44781.195,578647.0,631849.0,-0.023977315,-0.026689736
Knunvannirxun,3.0,578281.2,631310.75,-54.21758,82.84429
Ty dei,4.0,578477.56,631322.5,95.16195,-40.31912
Yue,4.0,578470.9,630767.56,-58.12951,-4.9571686
Quei,44854.88,606863.0,1318461.0,3.6912315E-6,-0.0010372323
Whenvir,4.0,607881.3,1317880.1,-18.562408,-58.89952
Sheingoi-quue,1.0,607173.56,1317802.4,-53.23615,-48.265747
Weewyn,3.0,607337.9,1317810.5,43.535732,57.99101
Phir boidee,2.0,606463.1,1319939.9,49.62691,3.715816
Pie-zeikoiquoi,42777.34,2177599.0,542500.0,-0.020838093,-0.025820393
Keipoi,1.0,2178059.5,542660.44,3.4399662,-94.74124
Knei,3.0,2177674.5,542051.3,106.66017,17.403486
Ji,44808.703,2045910.0,410842.0,0.017469669,0.012631196
Du,3.0,2046130.8,409761.62,-62.48239,21.16101
Cea,4.0,2045303.5,411532.22,-33.93416,-60.54804
Gy,4.0,2046531.0,410061.94,-40.663094,-54.059235
Ku,2.0,2045601.2,412064.75,57.167458,-2.5757968
Loopeknanza,44785.242,2224616.0,396736.0,-0.0018141718,4.7516433E-4
Dyn,3.0,2224735.0,397164.03,-109.94867,17.194145
Phea,42656.824,2295157.0,208626.0,-0.01965784,-0.010005503
Fea,4.0,2294730.8,206562.45,30.277052,-20.912987
Penknuefoi,3.0,2296621.2,209163.84,-4.089118,40.305824
Si,42695.137,2168181.0,175708.0,-0.009882786,-0.0034416828
Matei,4.0,2167031.0,175359.11,-29.555624,54.475204
Wrin,1.0,2168822.2,175459.8,-57.91616,-58.099514
Doo,42837.293,2055312.0,86356.0,-0.013146681,0.014159754
Queepho,4.0,2055659.6,87273.2,59.123795,-2.6342115
Phan wir,42838.2,1984770.0,208630.0,0.008206767,-0.019022178
Cin ngen due,3.0,1985110.4,208910.44,-41.395336,93.66575
Wunchukin,2.0,1984515.6,207980.1,-67.25748,57.265987
Heekie,44677.51,1782549.0,340311.0,0.010688981,0.004114163
Phabeebanwhei,4.0,1781637.9,339839.8,-27.36533,39.700176
Lesoitanxinthin,2.0,1782707.2,339787.66,-78.38623,-68.52915
Chuyu,44755.066,1933038.0,598966.0,-1.3665046E-4,-0.0114773065
Tienen,2.0,1933074.5,599837.4,69.89152,-30.832771
Voo,44797.754,2455048.0,796485.0,-0.012016548,-0.0024737704
Roirynnooshan,4.0,2455644.8,795770.06,-40.743656,-58.26762
Nievynbyphen,2.0,2454657.8,797650.3,57.754726,0.7998769
Thun,44757.035,2304553.0,740064.0,0.0048378957,0.012088911
Geicha,4.0,2304260.2,739698.2,84.00248,-76.35019
Jeiti,42778.164,2807752.0,439086.0,-0.0280371,0.004057496
Whoiquyn,3.0,2807227.8,440170.44,57.516655,-5.764667
Chinjie,1.0,2807697.0,439703.56,70.210594,3.6476426
Noi,42900.586,2986458.0,660119.0,-0.015373983,-0.014676322
Hoishirlyn,4.0,2987205.0,660735.1,42.709396,-28.775663
Shee,42748.21,2718397.0,528442.0,-0.0013476468,-0.031157302
Po ngoisiefu,4.0,2717495.8,528513.1,-7.500522,73.221085
Xinwoi,1.0,2717908.2,528730.1,19.740889,83.141914
Wrun,2.0,2719202.0,527232.94,-44.706825,-18.872458
Quinlea,42826.254,3009971.0,222761.0,-0.024725404,-0.023817124
Neihee,4.0,3010438.2,222869.56,-37.13047,102.8221
Wruchanceagir,4.0,3009786.0,223579.28,60.36016,38.86978
Shoiwhin choo,2.0,3010218.5,221839.31,-67.40229,9.41833
Gooxocirboo,44772.477,2708990.0,265089.0,-0.007629813,0.0057283
Lokuewunshie,3.0,2709473.5,264079.5,-61.958942,9.321976
Teetee,1.0,2708780.8,264625.2,-67.13586,55.91959
Mea,3.0,2709423.5,265330.94,-68.63387,71.29471
Beivanryja,2.0,2708556.5,266108.9,61.549877,2.181523
Pheeweithungi,44777.21,2530282.0,-82916.0,4.2841528E-4,0.02747029
Sue,4.0,2529779.0,-82421.48,-36.194378,-75.83147
Ten,42779.875,2516173.0,133414.0,-0.024545584,-0.0015829416
Theta Mei,3.0,2515503.5,134512.33,53.93191,0.639789
Ngyn,4.0,2516479.5,132505.12,50.164047,37.35161
Ci-keizifynwhi,4.0,2515422.5,133731.4,14.100888,76.67164
Quatyyir,3.0,2515617.8,133774.0,-25.939476,-71.26915
Thunwhen shue,2.0,2516860.2,132314.69,-50.444263,-14.652842
Ngoohoi,44869.066,2525577.0,232176.0,-0.009828448,0.00642228
Xeirei,4.0,2526444.0,232779.97,47.802814,-51.138527
Doobiethin-ngi,2.0,2524404.0,233445.02,33.19167,30.089033
Quu,44663.23,2591416.0,335639.0,0.003910934,-0.015502902
Sir,3.0,2591338.5,335185.3,-86.79882,83.921
Rieque,4.0,2590723.2,335007.97,-48.230965,24.91333
Ri,44872.332,2422113.0,420292.0,-0.002286727,0.008503807
Xivanjimun,3.0,2423173.5,419000.1,-42.3416,-14.762298
Shie,4.0,2422937.2,420933.28,50.442123,-49.43508
Viewreidir,3.0,2421358.8,419498.56,35.48509,-39.25464
Pi Syjinveikuemei,2.0,2420914.0,421532.34,32.39119,30.976748
Jynngei-whiechie,44852.1,1757753.0,23736.113,0.0050831963,0.013123383
Saquie,3.0,1758802.0,22512.844,-43.17702,-14.241709
Kno,4.0,1758542.9,24254.557,47.750233,-57.79806
Din,1.0,1757514.5,24126.955,105.37037,36.336823
Po,2.0,1756612.0,24893.766,34.78213,29.981464
Chopiban,42700.52,2011255.0,-612755.0,-0.022632802,-0.0014573692
Finchinmazee,3.0,2010027.6,-611525.1,36.742462,19.767614
Reizynjoo,4.0,2010696.1,-614292.6,34.535965,-23.910534
Den,1.0,2012078.0,-612348.94,9.073755,-57.62272
Zeta Ngei,42794.95,1926770.0,-860557.0,-0.006593513,-0.00798498
Yen,4.0,1926922.4,-861434.3,57.23683,30.833643
Pinyn xirwavue,1.0,1926411.4,-860112.4,51.726418,53.48053
Fynkojy bea,3.0,1926268.1,-860126.1,-37.42062,-61.694435
Sandei,42820.344,2152045.0,-1085831.0,-0.02251861,-0.0072771152
Dunkniyeexei,4.0,2152327.2,-1086492.8,56.49164,54.149403
Fynmie,3.0,2151470.8,-1085649.2,-6.2008667,-76.8682
Dyzin,44862.535,2366057.0,-866185.0,0.014097165,0.014624897
Ya,3.0,2367280.8,-867372.1,-38.20378,-19.39643
Pin,4.0,2366535.0,-864745.5,-39.403217,19.63547
Shei,3.0,2365307.0,-866852.6,31.95881,-47.043243
Quiexi,42823.812,2844768.0,-821128.0,-0.015516114,-0.010234852
Nginla,4.0,2845069.0,-821725.6,56.004944,61.041634
Gan-wriwhyn,3.0,2844203.0,-821012.6,3.4288595,-79.31757
So,2.0,2845509.8,-821993.9,-52.939648,-18.531975
Zeite lueshee,44685.97,2765920.0,-578955.0,-0.0045895968,0.0016095036
Mintieku,4.0,2765861.5,-579659.7,-74.09085,-30.101881
Shir,2.0,2765580.2,-578249.6,78.43543,-5.372173
Quokny,44893.84,2675809.0,-731015.0,0.007471474,0.009558556
Phue,3.0,2677184.8,-732241.0,-33.736004,-23.501194
Kneeshidirchinwrir,4.0,2676535.0,-729458.3,-30.615507,31.388462
Dea,1.0,2674999.5,-731799.5,-29.310852,38.482094
Zingeceiku,3.0,2674645.0,-731225.9,-7.229574,-53.222862
Mufi,2.0,2674330.5,-729951.0,21.67115,39.191383
Fei,42670.03,2895453.0,-1046400.0,-0.015602012,-0.004472264
Noo goo,3.0,2894049.0,-1045182.5,31.693771,24.439247
Phieyeaknoi,1.0,2896217.5,-1045418.06,34.92082,-25.182137
Bu,3.0,2896679.8,-1046377.94,18.73606,49.097775
Wei thie,2.0,2896966.0,-1047446.06,-19.003294,-39.82756
Xy,44811.99,2771550.0,-1406840.0,-0.019001132,0.02442253
Wre,3.0,2772693.5,-1407906.6,-41.01973,-17.054949
Chensoi,4.0,2772141.0,-1406340.5,56.817333,-63.222797
Choo,1.0,2771807.0,-1406539.9,100.253204,-63.65687
Dei,3.0,2771454.0,-1407631.1,64.49803,-9.054752
Phiequeiknen,2.0,2770403.0,-1405902.5,34.93545,32.081066
Knen,42737.164,2732125.0,-1237880.0,-0.018651666,-0.012715153
Venyeigenfunpo,3.0,2730881.0,-1236790.1,36.426598,20.219725
Ziciephen,4.0,2731661.2,-1239172.2,41.375046,-18.41149
Ruenoi,4.0,2731667.5,-1238621.6,-66.76469,38.98979
Co,1.0,2732658.0,-1237993.0,-46.912796,-79.57587
Fie,3.0,2732711.8,-1237206.6,-40.009262,44.79013
Xanfyngoi,2.0,2733401.2,-1238818.8,-27.926033,-35.281155
Shei,44886.38,2715229.0,-1057658.0,0.005866299,0.017732479
Shunkoimeabenmu,4.0,2715943.2,-1056191.9,-32.022213,30.95336
Wriequojeethun che,4.0,2715536.8,-1056659.6,70.01176,-16.467148
Gynyunphee,3.0,2714160.2,-1057918.1,-2.7370431,-56.12761
Van madei,42667.56,2619486.0,-1175927.0,-0.010708299,-0.011420179
Cen,4.0,2618615.8,-1177457.8,24.768867,-37.578064
Na-linsiequan,1.0,2620174.2,-1174820.8,38.908516,-16.445263
Nenshy,3.0,2620708.8,-1176056.5,27.43945,46.589523
Mynbinyir,2.0,2621049.2,-1176919.2,-16.55451,-41.320423
Wreado,42779.816,2236516.0,-1434993.0,-0.007503689,-0.019232826
Gunveawyvei,4.0,2236295.2,-1436068.0,52.719,-1.7057685
Jeelovue,4.0,2235975.8,-1435451.4,-57.385674,66.05455
Kuevo,3.0,2236486.0,-1434251.5,-66.104065,-1.3215657
Ngyn,42759.4,2016871.0,-1694060.0,0.0074231643,-9.076585E-4
Xoiknacoo,3.0,2015674.6,-1693034.6,38.000668,18.949081
Whea,4.0,2016391.5,-1694660.2,-64.95514,52.148994
Kan,1.0,2016870.2,-1694431.5,-121.86825,2.5135086
Tea,2.0,2018065.1,-1694935.8,-31.290264,-33.75748
Jir,44777.855,2777178.0,-1722218.0,0.01047581,0.013239662
Du,3.0,2778271.0,-1723185.5,-42.98254,-15.610128
Xynthoshi,4.0,2777265.8,-1721264.4,-59.89631,-11.306566
Yy,2.0,2776138.2,-1721386.8,39.99569,30.013428
Whyknanmycuben,44768.254,2687066.0,-1970021.0,0.004449856,0.0138655715
Lambda Wrinknir,4.0,2687134.8,-1969099.4,-61.238235,-13.969957
Ngyn,1.0,2687540.8,-1970231.2,-15.389542,-83.1399
Yynna zirei,2.0,2686039.8,-1969204.5,40.662548,29.752666
Peewha-tinkee,42842.27,2591324.0,-1649001.0,-0.008890049,-0.0032937895
Kei xea,4.0,2591519.8,-1649599.9,65.37438,54.925465
Gen,42815.168,2473052.0,-1316716.0,-0.012342272,-0.006698428
Goiquyvoi,4.0,2472987.2,-1317588.8,61.96268,15.158563
Where,3.0,2472676.5,-1316168.6,-55.22484,-40.935093
Bunxiejoovea,42661.93,1842277.0,-1220971.0,-5.02484E-4,-0.01186618
Cuephantheidu,4.0,1841337.8,-1222404.1,22.520931,-40.98993
Wei,4.0,1842286.2,-1222099.9,-68.06635,-6.7179523
Yirluewee,3.0,1843422.0,-1221235.8,35.881287,44.68467
Che,42875.086,1656422.0,-1491296.0,-0.015826244,-0.024929207
Iota Fin,4.0,1656657.9,-1491716.8,65.5941,81.06072
Hoi,4.0,1655997.4,-1491126.8,18.382345,112.07532
Sho,2.0,1657235.8,-1491946.9,-51.834805,-24.539305
Ngenthi,44704.242,1515623.0,-1142117.0,0.010857496,0.03308095
Ly,4.0,1515408.5,-1141657.9,-69.53835,-75.66516
Geixyn nir,4.0,1516061.8,-1142243.8,-10.712349,-116.09341
Joikigunzee,44839.934,1994334.0,-1085795.0,-0.0022443752,0.02219587
Whinle,4.0,1995003.9,-1084611.9,-37.309677,29.409954
Zeeshenshoizoi,4.0,1994420.4,-1084912.8,77.383156,-12.383629
Whoimanwinyybyn,3.0,1993598.2,-1086203.9,19.110222,-63.776596
Shiqueangunwei,2.0,1992915.0,-1085042.2,21.036322,40.52643
Vun,44788.348,2416726.0,-32625.686,-9.7552605E-4,0.024179643
Geawhirkunji,4.0,2417152.5,-31614.604,-51.00025,14.617594
Knoi,4.0,2416959.5,-31960.59,80.55265,-39.294025
Jea,3.0,2416561.2,-33309.504,66.28191,-25.818167
Banshorea,42703.69,2270296.0,-274797.0,-0.011082701,-0.0029775305
Jeityfinto,4.0,2269449.8,-276023.4,27.580359,-38.117374
Whytavuexu,4.0,2270386.5,-275786.97,-71.952644,-5.615266
Tityn,1.0,2270862.2,-274000.9,40.75479,-32.415836
Duezynyanngen,2.0,2271821.8,-275528.25,-14.732643,-42.668915
Nei,44863.285,-849781.0,569990.0,0.010608531,0.009340526
Rue,3.0,-848258.1,569015.9,-27.936409,-27.55205
Bea,4.0,-849858.0,570944.3,75.16675,2.327146
Dendea,1.0,-850368.75,569357.8,-36.309383,47.623528
Fee wrunthutie,3.0,-850659.7,569856.94,-8.800306,-65.92208
Puchanthoi,2.0,-851287.06,570700.4,16.451504,42.728275
Thunzanrepa,42828.082,-1452397.0,885380.0,0.0013135461,-0.016753774
Luexiehoi,3.0,-1453615.2,886184.1,36.276085,20.04206
Toigei,44721.65,-1908582.0,738953.0,0.030325627,0.0076314937
Ngynknoingejue,4.0,-1908486.8,739646.2,-74.24348,-20.481098
Pei,42719.65,-2319712.0,260242.0,-0.013308964,-0.0126953535
Mivundekimoo,3.0,-2321249.2,261162.27,25.85682,28.125532
Reeveedueshoi,4.0,-2320545.2,259123.45,28.83152,-38.27012
Kue,1.0,-2319188.0,260930.56,41.195625,-40.0551
Whooceequei,3.0,-2318863.8,260277.12,17.059261,65.578804
Wranmy,42742.938,-2246498.0,-252259.0,0.0060443673,-0.0046230783
Kentei,3.0,-2247975.2,-251377.28,27.361319,26.74494
Knun,4.0,-2247226.5,-253308.67,34.813065,-33.33771
Yea,4.0,-2246380.5,-253115.94,-76.93885,-1.3865559
Yei,2.0,-2245071.5,-252872.17,-17.13995,-41.640354
Chu,44862.527,-1812841.0,-49509.0,0.0032287852,0.015969675
Meawroo neesu,3.0,-1811256.9,-50429.93,-25.41084,-29.144302
Da,4.0,-1813076.5,-48562.008,73.206184,12.844114
Leeknongei,1.0,-1813340.8,-50258.33,-44.66449,35.475475
Tee,3.0,-1813700.1,-49476.36,-23.52177,-65.58795
Leidealyn chynshue,2.0,-1814385.8,-48882.793,13.09012,44.203438
Shiloowho,44873.105,-1525615.0,-314207.0,0.016380912,0.016389996
Lueloiphyche,3.0,-1526480.4,-314089.4,-30.981188,-62.58531
Quinnin,44778.066,-2077543.0,-60770.0,0.019975256,0.014396419
Jea,3.0,-2076158.5,-61576.39,-30.796505,-24.447681
Tooknirzushaza,4.0,-2077014.0,-59865.52,-49.37556,21.718113
Nue,3.0,-2077767.6,-61364.035,65.50301,-41.12292
Whei,44744.465,-1733997.0,113820.0,0.015202311,0.0143409455
Doi-phunke zoochea,4.0,-1733616.0,114627.516,-60.07729,10.313205
Cue,4.0,-1733914.8,114410.26,91.38881,-36.536823
Teifajue,42707.426,-815997.0,-184668.0,0.016795367,0.0041722343
Yasenree,3.0,-817604.8,-183800.08,22.974592,29.94212
Vea,4.0,-815644.2,-185586.31,-69.12884,-20.53789
Yooqui,1.0,-815590.94,-183834.52,48.943726,-22.943415
Yoo-kunno,2.0,-814443.9,-185220.56,-9.980898,-44.612034
Jy,42854.156,-1024379.0,-280409.0,0.009493556,0.0072069024
Shinfipho,3.0,-1025638.44,-279700.94,33.34202,21.605518
Yue,2.0,-1023248.75,-280882.66,-30.240953,-36.71615
Gamma Pieposirbin,44827.047,-838527.0,-770383.0,0.014910882,0.0045403466
Thei,1.0,-839002.06,-770830.9,-36.297894,65.88474
Deichyyihe,44728.273,-849791.0,-1243462.0,-0.0022140178,0.015479106
Quinwyn foi,4.0,-849789.9,-1242882.9,95.02654,-29.488869
Cir-zue,2.0,-850974.25,-1243000.4,28.000603,38.28625
Tir-ceishaboi,42828.613,-1176442.0,-1389890.0,-0.009240704,0.006308406
Pei,3.0,-1177793.2,-1389178.1,29.58054,24.05681
Soinynthy,4.0,-1176932.2,-1390665.4,53.648693,-19.60421
See,2.0,-1175210.6,-1390340.4,-23.68926,-39.103767
Tirrea,44737.914,-1227130.0,-1220932.0,0.029615054,0.025505066
Vikninquu,3.0,-1225773.9,-1221638.4,-30.279902,-24.054106
Sie,4.0,-1226660.2,-1220173.1,-57.049362,17.88703
Voo,3.0,-1227119.8,-1221501.4,78.30277,-17.402094
Shichinfoo,42690.797,-1480566.0,-1277250.0,-0.013719279,0.0013081833
Run,3.0,-1482258.8,-1276419.4,19.91082,32.008106
Tindoocy,4.0,-1481589.8,-1278244.6,17.664574,-48.943863
Ngee,1.0,-1480314.1,-1276250.2,51.861416,-0.6588665
Jeknoofyn,2.0,-1478946.4,-1277729.4,-5.2223535,-46.41357
Yoi-zeevuny,42875.406,-1384825.0,-1479997.0,-0.0044544935,0.0020694537
Pha,2.0,-1383687.9,-1480399.1,-28.047533,-37.672134
Leeroo,44704.344,-1593206.0,-1474364.0,0.014415524,0.017926335
Mei,4.0,-1592852.2,-1473697.1,-68.13519,7.3982034
Shareiny,4.0,-1593240.5,-1473829.8,99.5782,-29.751173
Roi,42661.312,-1626998.0,-1063234.0,-0.013047439,-0.012759424
Che,4.0,-1628117.9,-1064231.6,11.646268,-53.346752
Zuezanjipe,4.0,-1626370.8,-1064157.6,-58.14982,-37.952408
Yirwhi,1.0,-1626869.9,-1062077.2,49.439445,18.077955
Yinwhugan,3.0,-1626344.9,-1063886.5,69.195435,24.574509
Jeehiele,42665.15,-1176446.0,-1181502.0,-0.018715926,-0.013304552
Zen yeidingun,4.0,-1175803.0,-1182405.1,-57.787426,-38.595566
Xu,2.0,-1174761.9,-1181938.6,-1.3639137,-47.981358
Miryoowry,44854.332,-1722741.0,-1209661.0,0.015253615,0.012758835
Weiwhinpun,3.0,-1721070.0,-1210434.6,-20.44086,-31.54603
Meiwreechunthan,4.0,-1721778.2,-1208756.9,-22.113981,47.33453
Wrejagan,1.0,-1723030.6,-1210470.1,-55.567062,18.93098
Meaphiwuewran,3.0,-1723422.6,-1209395.8,-49.451183,-63.342884
Ngizin,2.0,-1724310.2,-1209246.5,6.7322035,46.21568
Fuveenoo,42831.0,-1632631.0,-832322.0,0.0022336526,-0.004979109
Min,4.0,-1632347.4,-832967.8,-83.62962,-6.831635
Pho,44837.797,-1176448.0,-854847.0,0.009158748,0.012098972
Quiecir,4.0,-1176985.2,-854065.7,67.09691,30.005953
Kooken,3.0,-1177089.6,-854686.94,-40.693836,-74.23469
Yeaveizue,42724.28,-1936756.0,-1130809.0,-0.0055527138,-9.565814E-4
Weiwrea,3.0,-1938420.8,-1130080.0,18.91597,31.626919
Nginzir,42896.89,-2190192.0,-1508146.0,0.0047957245,0.00408717
Phe,2.0,-2189081.2,-1508460.4,-27.014658,-38.08146
