Pi,1456121.2,4196.071,-2320.0374,8.762645,3.284522
Zuevinxir,1.0,11609.338,-995.887,2.6928117,120.24602
Ke,4.0,477.78442,-204.9437,23.148497,-193.81772
Reihuezan,4.0,9123.005,-1544.584,-5.0823135,162.65703
Kyn,3.0,4868.9146,-6725.0635,161.60838,161.13747
Pheijolan,2.0,1399.2244,-1151.7091,-128.46016,-154.50108
Fyn,3.0,9814.196,49.608505,-15.142837,142.22455
Mu Voi-gan,44894.703,16828.734,31842.354,-10.516974,-34.49217
Chee,3.0,17788.688,30444.824,-55.02174,-46.685585
Leyun xe,4.0,18170.322,31975.404,7.566005,-89.92196
Voo wei,3.0,17243.54,32275.098,-84.87349,34.639927
Chir-quen,44787.586,36550.867,12464.998,-32.882145,-18.75984
Knoi,4.0,36807.26,13416.981,-90.72563,-15.317733
Hevamoi,4.0,36544.38,13187.971,52.23534,-36.69133
Wroo,42729.875,43346.016,-8511.375,-35.183537,9.658729
Gun,3.0,43639.418,-9219.064,-106.01562,-42.21116
Gamma Pinbyn,4.0,44508.83,-8485.076,-47.074574,-49.381153
Eta Wo,1.0,43993.156,-8235.576,-28.481495,-62.530674
Seibunzooquee,3.0,43271.203,-7609.666,-93.48766,-7.709412
Ze,2.0,42965.285,-9806.739,-82.16546,38.313835
Whea yun thoyoci,44895.84,45384.008,-40976.758,-11.4916935,13.113345
Thei,4.0,45546.676,-39072.832,-47.930782,23.641813
Xendirxiexoi,42822.992,30243.348,-3635.6348,-44.77659,5.015621
Do,3.0,29818.549,-3160.2305,-94.727974,-44.91649
Phoo-cen,2.0,29637.832,-3784.3887,-55.396828,101.371025
Zir,44874.574,7568.4663,1032.9856,-153.90086,-150.98444
Xynwheiquixun,1.0,7802.391,1360.0297,-60.652092,-235.69183
Mir,3.0,6903.091,-74.36981,-139.28026,-206.51942
Cheinieba,42693.88,-24025.33,17814.176,27.663364,-18.495598
Wruequa,4.0,-24808.998,16439.943,57.788967,-52.34046
Teenei,4.0,-23496.86,16938.055,-36.085617,-50.704952
Thovochiquue,1.0,-24392.262,17547.895,-48.211624,67.33038
Re,2.0,-24538.04,18810.244,88.911995,12.617845
Wran,42847.406,-45672.703,-25419.05,14.269298,7.9612765
Me,3.0,-47046.203,-24766.52,41.795876,32.488388
Whin,4.0,-45805.4,-24912.129,-85.20524,13.863822
Feiwuedyjin,4.0,-46044.156,-24899.812,65.7615,81.11853
Zerucenjue,2.0,-46157.664,-25667.72,-19.16755,107.94303
Bu,42756.42,-66387.64,2850.4106,10.841173,-0.36330158
Phir,4.0,-66285.945,1660.336,59.74411,14.623286
Pi,4.0,-65231.41,3184.0813,16.150118,-54.99093
Chu,3.0,-66963.016,3221.081,-13.071582,-74.060814
Teitogintea,2.0,-66188.39,1576.0133,-43.99381,6.043432
Queephen,44691.18,-2942.162,-30390.152,10.254142,42.04932
Lei,44870.457,-22641.932,46060.863,7.2622356,-14.844502
Shir,3.0,-20800.377,45744.715,3.166804,-52.65016
Shyn,4.0,-22788.787,47711.176,-33.333782,-19.779234
Peiwhijiewir,3.0,-22401.363,46576.75,-83.62922,31.62899
Ngeihei,44726.816,-75308.164,45320.816,5.7964015,-3.6761305
Ziegoi,3.0,-73763.67,44887.71,-9.15583,-33.692516
Knan,4.0,-74813.46,45323.285,19.199629,-114.382126
Feknaxee,2.0,-75217.11,46021.527,82.6411,-47.881466
Ninthun-yo,44696.53,96724.7,22888.623,-7.046209,-1.4768281
Jy,4.0,97223.38,23507.725,-66.543076,20.162863
Ziewhychei,42893.207,99645.3,-32652.072,-5.6699066,1.9615675
Reepyzun,4.0,99882.85,-32411.326,-87.43113,108.107925
Yunka,2.0,100745.36,-32213.436,21.774738,-33.99343
Wren,42746.62,70129.88,38214.812,-6.813757,-5.9149766
Whu,1.0,69888.3,37892.7,-106.48522,55.159443
Ta,3.0,70202.63,37706.324,94.94561,0.7367444
Neishingue,42822.957,-45612.47,-100946.97,1.6734596,3.9677022
Theezeeknoocea,4.0,-45422.2,-101664.14,63.073547,47.569
Quanmiewhaty,4.0,-45716.31,-100074.11,63.220272,34.614243
Fegirmei,3.0,-45954.996,-100397.54,-57.560814,-32.591446
Sir,2.0,-44846.754,-100139.805,55.3975,-18.004877
Zirngeishynxeiwy,44688.445,70930.85,-112158.86,-1.7186122,3.929546
Mi,4.0,71644.86,-111726.516,-39.517815,45.834747
Hanfunphan,4.0,70411.1,-112908.484,-60.244076,16.32372
Dingoiquungei,2.0,70868.32,-112846.016,-82.063225,-29.716469
Galeijee,44845.055,54676.844,-80280.68,-2.4080343,5.0499625
Poquoowrei,3.0,56470.688,-80348.555,2.4383993,-32.690525
Lin,1.0,54710.2,-79857.77,114.27738,-11.670102
Heivero,3.0,53899.113,-80663.0,12.579245,-58.65872
Kniebi,42809.77,280193.9,-36115.926,-1.1922494,0.14654994
Luntheifie,3.0,280144.56,-35266.97,67.2836,-37.502495
Piejea,2.0,279566.3,-35930.207,22.391926,91.47828
Chylu,44772.023,262185.78,113820.65,-0.89511836,-0.45112303
Epsilon Coiwrea,3.0,261927.28,113199.414,-63.43736,72.01552
Reefu,4.0,262826.03,113415.59,60.754234,48.036003
Sea,4.0,261976.47,114528.805,83.71399,1.3773351
Peebenun,3.0,262635.38,113323.0,46.402092,53.67344
Zeta Tachoknen knei,44771.41,199220.64,11131.481,-1.6441499,-0.32677412
Yypuewa,42704.953,128312.85,122998.555,-1.2535877,-1.6096439
Teejun,3.0,127302.85,122041.984,-51.024883,18.9804
Bo,4.0,129520.07,123440.11,6.543317,-57.605453
Xa,3.0,128990.25,123865.29,-40.850327,30.566685
Rinkoo,44668.496,17619.918,119677.77,-0.43119982,-3.012087
Yun,44674.59,-42006.117,178978.16,0.67459923,-2.0027804
Can,2.0,-41857.39,178451.38,-78.33664,-69.49119
Coolircin,44817.97,-107194.414,99319.12,1.9521941,-1.7893708
Ho,3.0,-105463.48,98872.77,-8.374073,-35.81095
Licheiquy,1.0,-106729.88,99376.24,40.592503,-97.607666
Theta Cei,2.0,-108698.01,99437.8,0.96635526,44.71422
Wreitinhe,44857.113,-243007.6,88929.69,0.9121619,-0.21389285
Die,3.0,-241714.05,89710.43,41.60143,-28.884172
Thiknei,4.0,-244074.27,89274.625,33.433025,56.34665
Hen,42720.734,-187542.84,-41703.63,1.577634,0.39615923
Kopi,3.0,-188842.11,-42458.805,-37.598316,28.71152
Firloi,4.0,-187991.77,-43096.793,41.297436,-17.732555
Phyndirwue,3.0,-188142.06,-41319.387,-19.85614,-76.77213
Pho,44694.977,-267906.75,-83405.625,1.0055863,0.47155553
Giknoo,3.0,-266510.12,-83090.56,28.987413,-28.543161
Ceishee junnywhen,44725.28,-119173.945,-199706.75,0.6224566,1.4339538
Ngu,44722.38,-201902.9,52854.008,1.0637013,0.0049368
Xashun,3.0,-201423.44,53544.965,79.2275,3.602198
Gen,4.0,-201352.36,52447.605,69.32058,40.50438
Fuepecepheihei,2.0,-203113.12,52470.918,-21.704277,40.166164
Tenwhyhei,44874.97,-338873.8,17393.072,0.9310902,0.21498933
Veican,4.0,-339559.9,16040.127,-39.877804,27.663172
Gei,1.0,-339211.7,16483.393,-51.228428,14.105671
Wiewei,3.0,-339791.66,17429.078,-23.057915,-61.928753
Lie,42870.22,-353849.56,217752.36,0.6396189,-0.4865774
Xyn,44860.78,-357545.62,123792.8,0.93768,-0.17689793
Doce,4.0,-358741.7,123238.85,-12.3631115,53.8683
Ma,2.0,-356458.38,124203.94,12.410557,-65.709656
Pheikoofir,42778.203,-195108.64,151100.53,0.45388362,-0.7640613
Nan,3.0,-196816.05,151446.05,7.425571,32.984962
Jue,4.0,-195279.83,152170.53,55.14889,22.665186
Vemynveingyn,1.0,-195374.5,151665.83,60.88025,36.44069
Nu,3.0,-194597.64,150979.86,40.55248,86.20886
Knyncun,42852.516,361270.62,181040.44,-0.5877955,-0.31042635
Reiweejo,4.0,361590.94,181891.95,61.5162,0.3751977
Saphee,44668.5,425372.25,-58524.277,-0.8414182,0.6980314
Meiseshuvan,42685.523,370623.53,-173073.42,-0.5464459,0.44847417
Tunthi,3.0,371470.25,-172735.95,14.886018,-77.21973
Xootyn,3.0,370770.03,-171934.31,-53.01853,-9.258151
She,42847.56,173832.77,-115121.78,-1.438678,0.86840135
Gee,3.0,173449.88,-114260.99,66.17395,-15.329504
Vir leicen,4.0,173459.9,-115871.81,59.864414,-9.117107
Wynchanquooyei,4.0,173336.97,-115180.88,-23.624413,107.105736
Theewee,42823.39,208065.88,-50450.695,-1.4894174,0.3264418
Lyzy,3.0,206804.69,-49652.863,33.02436,21.879444
Xo,4.0,209092.14,-50562.207,-23.313738,-52.594475
Fethan,42809.125,178821.12,90093.836,-1.3623353,-0.7426013
Hee-yun-ngeeky,4.0,179778.7,90770.91,27.60583,-41.269146
Whi,3.0,178434.86,89814.055,75.24938,-64.86932
Knirphue,42800.285,-118220.445,5601.5796,2.703104,0.031105133
Mea,4.0,-117639.89,5352.8496,13.592259,89.71103
Thaknu,4.0,-117500.984,5059.383,-53.924187,-39.99423
Po,1.0,-118627.305,5982.592,45.02399,63.886505
Ngu,2.0,-118426.59,6386.8853,72.20422,40.353367
Cothan,44852.977,78858.14,183889.23,-0.7224777,-1.217993
Luntirquoo,4.0,77905.586,184301.31,-3.527302,-68.158485
Zoo,4.0,79726.86,183019.2,-32.846302,-50.21865
Welynchin,1.0,78596.95,184274.39,102.37201,38.327106
Que phir,44886.94,17824.389,200800.45,-0.120417535,-1.6205032
Sanwenxi,4.0,18038.277,201835.4,70.85267,-11.733423
Xie,1.0,17236.225,201115.61,68.18674,52.75989
Chun,42879.91,-174827.02,223248.0,0.24692827,-0.72898173
Jee,3.0,-176363.27,223233.05,-8.741711,30.969301
Binjan,44721.832,-250131.78,174384.14,0.45569596,-0.8639082
Gunsiehuncinshoo,4.0,-249765.17,175111.38,-64.053406,7.6770263
Juethihun,4.0,-250285.69,173533.56,-66.2768,-16.107948
Ro,2.0,-251449.2,174307.88,-3.4031014,42.551594
Thukieshue,44687.18,-271830.62,139152.75,0.86916673,-0.21806552
Wundoodun,3.0,-270276.47,139104.4,6.517312,-31.80826
Yogue,4.0,-271174.1,138864.31,52.033375,48.43455
Wu-sunxunbenlun,4.0,-272844.2,138788.2,-14.948148,44.43055
Socei,2.0,-272697.53,139734.3,50.732895,28.010939
Byweisheequoochue,42876.47,-358083.9,-145086.31,0.4641497,0.24653088
Feewhin,3.0,-359451.75,-145414.6,-27.567991,29.682096
Wywregusun,2.0,-356854.6,-145268.2,-13.334328,-41.31303
Dirtan,44771.13,-128092.414,-143668.83,0.91138047,1.085817
Hohoijan,4.0,-129111.99,-143465.1,29.177204,54.432133
Dokooshoo,2.0,-127531.01,-144059.8,-42.674305,-81.81653
Calengoify,42838.938,-165403.06,-103018.86,1.1109143,0.5675722
Thiree,3.0,-165869.5,-103744.54,-74.37961,-3.2636778
Xanseabea,4.0,-165647.64,-103502.33,-81.78499,61.502415
Sinlyngyquunknea,2.0,-164676.33,-102225.016,56.189327,-19.264711
Wroi,42786.355,-93547.79,-115204.08,0.84428656,1.1259098
Satoo,3.0,-93583.445,-114296.26,66.54379,-34.788143
Cyn,4.0,-94200.414,-116079.58,42.205265,-28.99844
Kin teevylea,4.0,-92556.9,-114521.16,27.65144,-41.69288
Dunnoitei,42781.598,-48134.49,130143.9,0.75057995,-1.4104285
Yan re,3.0,-48396.0,131159.34,63.88048,-20.961124
Luejei,4.0,-48994.324,129480.055,26.853952,-46.869007
Tue-wrangie,4.0,-47317.54,131041.945,39.259556,-34.11116
Cunchugei,3.0,-48435.305,130792.06,-58.380287,-34.946686
Xunfoi,2.0,-48104.37,129080.36,-60.71484,17.721272
Knir,44819.863,307241.4,198732.36,-0.21353926,-0.45633528
Ditheewry,3.0,308293.8,197603.25,-44.079685,-14.7031145
Ngee,4.0,307608.56,197637.27,-51.09248,-30.891914
Phoiwoivue,1.0,307482.8,198089.7,-60.858746,-35.588596
Ni,3.0,307213.8,199226.66,-106.33939,-3.4316099
Ten luknei,42736.99,231925.53,203463.47,-0.24794063,-0.57088596
Cisoiyienge,4.0,230960.05,203803.86,8.350139,65.71163
Zeeramir-xea,1.0,232377.44,203262.4,-65.63653,-75.99352
Thue,3.0,231651.23,204241.78,-55.8999,-34.812813
Keecun,42682.29,362154.5,65089.355,-0.30232713,-0.2537897
Sheijei,3.0,362406.78,66276.195,-51.025074,-4.988409
He,2.0,362452.28,66281.78,63.51342,-9.340424
Thenwhetei,42701.934,454377.88,113250.67,-0.47977668,-0.11970126
Sheaxoi,4.0,453674.94,111865.32,31.87343,-30.407063
Knucin,4.0,454696.9,112316.49,-70.17655,-19.295727
Xyxoo,44777.62,462481.88,4030.3694,-0.75098306,-0.07086194
Baknie,3.0,462572.75,3118.3962,-68.66677,33.109447
Phun,4.0,461504.34,3308.9424,-30.806702,40.969887
Dy,3.0,463063.5,3783.64,13.045954,77.59814
Yu,44662.47,396693.03,14854.27,-0.2928428,-0.30179507
Wisharu,4.0,395711.8,14755.258,5.159624,48.215485
Wheiboi,44678.27,403472.0,-27182.615,-0.14149666,0.18358374
Ziebie,4.0,403173.88,-27305.12,51.110687,-131.7263
Yupo,2.0,402221.97,-27112.295,8.756253,41.52912
Keako,42841.4,282616.25,-133710.56,-0.5780043,0.37638485
Ry,3.0,282954.25,-133360.5,49.265686,-104.61826
Tenduzy,42840.586,121179.695,-174367.17,-0.049211893,1.1005806
Voigoi,3.0,121530.2,-174052.69,45.734364,-108.23657
Veite,4.0,121526.28,-174107.16,-68.35631,95.18249
Coinei,4.0,122048.21,-174697.9,-41.759033,-45.97507
Fun,2.0,120879.07,-173791.86,66.652664,65.72266
Ziquyn,42729.973,146233.25,-144562.02,-0.44607615,0.68561345
Hue,3.0,144570.08,-143919.19,15.764134,33.53052
Rathei,4.0,146393.95,-145920.47,43.996384,12.686718
Xo,1.0,146194.14,-143793.55,61.493073,13.114766
Fa,3.0,146963.97,-144066.08,-24.776924,57.504593
Thun,44849.56,192319.88,-168981.02,-0.8396289,0.840513
Jen,3.0,194051.73,-169573.05,-14.9632435,-33.211235
Chynsheichomir,1.0,192464.62,-169734.58,-62.152782,-24.268715
Runnee bi,3.0,191542.58,-169370.75,14.9456215,-62.390484
Queifee,2.0,190798.66,-169105.69,-13.791031,48.49678
Dirngyn,42710.844,163120.84,-74074.27,-0.8165421,0.19013102
Pyn-zy,3.0,162555.78,-74225.87,40.153328,-87.66621
Whejeangi,42847.16,-291339.1,81914.06,0.8027439,0.11257476
Shir,3.0,-291175.3,82467.72,72.03419,-74.27754
Zu,4.0,-291126.84,82289.14,-90.75433,70.810776
Wechoiyikna,3.0,-291487.03,82472.195,-74.16138,-4.3814826
Wrue-wirwhee,2.0,-291701.88,82388.97,60.88989,77.65781
Luesoowin,44839.363,26021.48,157775.66,-0.31997117,-1.2043732
Thea-gun,4.0,25874.693,159081.42,-47.194546,-15.26336
Jea,4.0,26397.332,158549.77,71.2884,-36.58174
Cee wrincei,3.0,25362.902,157243.66,30.528357,-58.76777
Honeiwei,2.0,24527.555,157621.78,-13.988232,46.020123
Wryn quuvindacir,44835.63,461481.5,201245.39,-0.59103084,-0.12453211
Nygyn,1.0,461426.78,200493.73,-65.01541,1.4644425
Moo,3.0,460858.22,200692.44,33.673306,-56.382423
Yir,44796.57,420110.0,220881.47,-0.114366665,-0.42572862
Nynshoizea,4.0,420111.5,220282.03,97.338234,-13.937867
Phynlyfoi,1.0,420359.7,220315.7,-64.02523,-34.813137
Ngynwhaxodynxoo,3.0,420328.7,221296.38,-101.237495,36.40429
Renloiyeiga,2.0,418832.22,221559.42,26.746065,37.730217
Gei,44860.633,-94309.0,-460145.2,0.022575198,0.1992657
Ci,4.0,-95511.47,-460666.6,-11.655954,55.208942
Ven,3.0,-94251.23,-461121.6,57.443542,17.420706
Knin,2.0,-93960.52,-461178.94,-64.28421,-28.768764
Kee,42658.83,-177308.1,-489949.38,0.14980464,0.18903752
Jan,3.0,-177210.72,-491104.2,-63.056435,-22.096773
Nyn,4.0,-175853.48,-491621.7,16.668491,30.310526
Foze,4.0,-178041.45,-488168.75,38.320595,13.476288
Fie,1.0,-176772.27,-488720.34,43.285934,-3.5316288
Hawrir,3.0,-177951.08,-489995.5,25.5966,-93.8602
Knea,42778.363,-149633.38,-394172.0,0.1659449,0.11045706
Pho,3.0,-151340.67,-394073.53,-2.575135,35.267483
Yeichuwhan,3.0,-149491.03,-393453.56,-64.43326,18.935495
Kete,42702.71,44051.996,-479298.2,-0.10881876,0.29055628
Wreagan,4.0,43704.555,-478644.25,-83.17968,-31.741838
Bunfeifei,4.0,45018.598,-478285.6,30.426952,-41.231415
Finknee,1.0,43577.78,-478847.28,30.856297,77.24125
Si,2.0,43164.375,-478673.5,42.113316,55.502926
Knue,42791.188,173614.77,-261889.17,-0.34085247,0.51802707
Whinpin,3.0,171938.25,-261679.52,1.3711884,34.733494
Xeso-lee,4.0,173153.73,-262354.1,-63.621914,67.17347
Ngahanwre,1.0,173748.28,-262191.62,-120.49841,-46.830208
Loichoi,44856.51,81241.89,-304424.0,-0.072778955,0.48051536
Xenphunsacan,3.0,82531.54,-303622.97,41.200836,-27.412333
Vancin,1.0,81080.51,-305262.6,-59.38259,5.7178507
Ta,3.0,81209.266,-305395.47,58.476204,9.63745
Ben,2.0,81692.24,-305369.9,-62.6385,-35.930153
Kappa Sheewru pynnyn,42763.004,113507.0,-228152.22,-0.0708704,0.63822716
Ponei,3.0,111844.78,-228364.53,-15.933357,35.504204
Bencymie,4.0,114143.87,-228818.77,-61.789043,-34.703876
Jynnun theibie,1.0,113121.96,-227673.4,46.77615,59.32559
Sha,3.0,114104.41,-228148.14,19.469398,84.89508
Jeingenquuquoo,2.0,114610.65,-227468.9,39.238785,-35.858047
Royeipybea,44755.812,-5265.8174,-270695.2,0.117315024,0.45728296
Shinforei,3.0,-5213.825,-270302.56,-117.97153,-2.292124
Phynbe,44801.375,41314.22,-418517.0,-0.03969644,0.14790066
Gun,3.0,42990.45,-418366.28,14.019345,-35.30906
Chuesy,4.0,41396.887,-417430.44,-54.836082,-7.6447916
Phunshunseikirzy,4.0,40853.16,-417788.34,72.599594,23.875916
Myncuepho,44802.945,6682.551,-566264.0,-0.16696335,0.20101579
Zie,4.0,7123.284,-565178.8,-48.484135,16.147072
Girxin,4.0,5841.674,-565754.94,49.185883,47.019833
Quy,1.0,7154.1846,-566586.4,-28.199173,-77.745636
Nga whoicoo,44901.996,-29860.4,-651562.0,-0.014755191,0.2928536
So,4.0,-31217.834,-650633.06,-8.262423,-46.661034
Den,1.0,-30726.05,-652332.8,-26.288857,39.822853
Gy,3.0,-30170.766,-650903.4,-87.282486,-10.737262
Goi,2.0,-28691.447,-650454.1,26.658644,-44.64288
Qua,42863.164,-51784.42,-563828.0,0.11143692,0.14287278
Zirchun,3.0,-53280.945,-563372.5,16.73718,28.774918
Thun,4.0,-52648.918,-563942.1,-2.9924037,-56.21152
Sun,42708.625,-129766.836,-632066.0,0.11578989,0.18873382
Knin,4.0,-129490.68,-631391.5,-86.019844,25.01175
Readanzeeli,4.0,-129129.69,-630750.7,41.74627,-25.002499
Pipa,1.0,-130128.66,-632319.6,-75.51318,85.13516
Heinoi,44753.664,-275989.97,-524835.0,0.15652098,0.13259585
Dee,3.0,-274324.4,-524945.8,2.6804633,-33.83231
Fomee,44744.35,-40837.918,237978.02,0.14871202,-0.64918935
Quo,3.0,-39190.094,237936.47,5.9427876,-34.37959
Jeifanquue,4.0,-40305.37,238093.75,31.022266,-100.73585
Pookanwhe,3.0,-40292.09,237990.8,-26.828976,80.42007
Tha-hoo,44845.71,124047.59,281640.7,-0.14877543,-0.41181794
Run-whepieje,4.0,123034.766,280776.94,-29.056416,43.474075
Quirque,1.0,124184.34,280898.94,-61.986362,-24.706224
Quu,2.0,124805.16,281037.47,-45.94555,-61.16594
Knea,44862.59,-29520.057,322056.03,-0.011472012,-0.4237656
Ngenyquei,4.0,-29977.225,321451.28,78.99522,-41.77365
Lypea,4.0,-30065.625,320705.25,-44.825916,21.007732
Wrojeishoo,1.0,-29432.775,322484.25,113.45708,-32.24509
Gei ngirwry,2.0,-28396.605,322244.38,0.6516887,-68.4458
Tunvin,42888.363,-103877.53,419058.56,0.047560204,-0.29783484
Wrynmiemeifan,3.0,-105297.29,419506.94,19.107141,26.833027
Deefe,2.0,-102920.11,418537.9,-42.307316,-31.843996
Chi,44730.785,-158836.14,304274.7,0.1093963,-0.36355674
Hizydan,4.0,-158339.7,304366.0,27.382769,-107.371994
Tirpei,3.0,-158433.08,304503.03,-73.44169,66.91858
Gynsu,44734.41,-304323.06,323678.12,0.2017092,-0.25306648
Niewanci,4.0,-304538.03,323274.47,93.496925,-66.88218
Vei,4.0,-303924.88,324012.03,64.17933,-88.14716
Ry,44668.61,-250968.31,262244.3,0.21844111,-0.29341808
Wrinhirdei,2.0,-251591.39,262855.6,66.691124,15.873978
Dea,42911.168,277666.0,451402.8,-0.08488656,-0.16840735
Shywheaquu,44691.207,701762.0,-170276.0,-0.13939567,0.025028007
Ruewri,4.0,702599.25,-170177.72,1.3417151,55.870853
Cha,4.0,701660.5,-171002.14,-73.32111,-24.895443
Thun-zijoo,44670.64,748291.0,-341885.0,-0.11218676,0.060841065
Hunjimin kendei,4.0,747846.94,-342611.8,-63.468323,6.4172807
Wru,44877.67,646492.0,-338976.0,-0.033443063,0.10088717
Cen,4.0,645316.6,-338411.72,-2.15068,-57.2593
Thawueseivin,4.0,646746.44,-340515.7,-46.767048,-9.012476
Nirpi,3.0,646093.5,-338403.06,-83.27995,-27.64881
Whincha,42817.64,614502.0,-155732.0,-0.096721075,0.01911945
Chenze thyn,4.0,614568.1,-156527.9,63.36326,29.438137
Viewhawruchea,44805.285,-1210980.0,603105.0,0.010353218,-0.005744466
Feijun,3.0,-1210615.1,603991.25,73.81049,8.2381935
Wovo,44661.734,-1100670.0,441888.0,0.019006245,-0.0016615653
Ma,2.0,-1101860.1,442015.66,14.684452,40.967484
Shoi,44662.223,-1359462.0,323096.0,0.021259425,0.026151692
Hin,4.0,-1359241.1,322669.44,-68.31071,-85.52948
Ja,2.0,-1360671.5,323183.9,11.565174,41.211514
Phueshan,44800.44,-1418853.0,598862.0,0.01783269,-0.0034092704
Xynbee,3.0,-1418408.6,599731.25,72.47411,3.8702438
Mu Kin,4.0,-1419860.4,598134.1,-27.751564,43.293278
Taroi,3.0,-1418504.6,598216.0,56.8309,39.300205
Mea,42861.75,-1754007.0,721896.0,0.030294161,-0.03156576
Nunchywhanwrenta,3.0,-1755385.2,721581.2,-27.014215,30.025957
Peizupyra,4.0,-1753669.1,721585.3,45.327854,99.62572
Goizy,4.0,-1753543.5,721352.0,-76.886284,-21.740295
Gee,42828.227,-1923702.0,318853.0,0.017952722,-0.0110815875
Koo,3.0,-1924784.2,318237.16,-46.9662,22.9449
Keeku,4.0,-1924193.5,318075.53,53.462494,-19.983208
Timan,4.0,-1922701.2,318747.28,-22.99887,-53.085045
Cungynlee,3.0,-1923381.6,318703.22,63.854874,106.5816
Pheixynlen,2.0,-1923058.8,319693.44,58.441483,-15.217293
Xo,42886.06,-1558838.0,552193.0,0.037395313,-0.026643327
Zu,4.0,-1558652.6,552511.6,-94.824135,83.88577
Shynchei,4.0,-1558674.9,551656.7,-96.412254,11.958259
Hookoi,44682.184,-1278825.0,967963.0,0.0131822,-0.034030195
Casea,44675.254,-1210941.0,785533.0,0.01631569,-0.009763889
Wro,42890.285,-812137.0,785533.0,-0.011632696,-0.01642859
Whan,4.0,-811973.7,785007.94,-97.43893,12.251444
Seizu,2.0,-810946.8,785858.1,18.491837,-38.715576
Phoi,44669.44,-820615.0,1048571.0,-0.0114486525,-0.033815347
Renwyga,2.0,-821840.94,1048457.7,-3.047942,41.089535
Nin,44880.562,-926675.0,840686.0,0.005015691,-0.0020195632
Hei-kneeloo,4.0,-925648.75,839597.3,-30.898567,-40.066933
Zanva,1.0,-926671.94,839756.1,-56.825516,-17.862473
Do,3.0,-926068.25,840211.5,25.82481,77.10636
Thingeivanphoi,2.0,-926479.9,842332.4,46.311787,-14.352875
Xeithoke,44693.67,-935156.0,1023115.0,0.026408842,-0.019428197
Han,3.0,-933803.4,1023422.56,28.513264,-29.869425
Ngin,4.0,-935510.4,1023170.2,0.54331565,-132.6742
Alpha Wreebir babo,44707.1,-1045457.0,874626.0,0.025600914,-0.018171074
Jikoo,3.0,-1044208.44,875058.3,37.105995,-27.766996
Synfunzenchoo,42656.113,-1401826.0,827957.0,0.008926254,-0.0051048435
Bose,4.0,-1403509.2,828242.94,-3.2912192,46.713795
Wrynganknielue,1.0,-1401049.2,827604.3,-60.161312,-43.44312
Phie,44696.348,-1529097.0,895838.0,0.06532196,-0.012488233
Feshy,4.0,-1529335.9,896235.1,-66.62939,-87.30082
Sie,4.0,-1529713.0,896299.44,66.657486,33.401173
Shiemoojie,42718.24,-1529093.0,382490.0,0.019492747,0.014236915
Knan,3.0,-1529464.4,382095.47,77.946075,-64.46272
Keangeaknei xue,42675.043,-1507876.0,34600.0,0.008785131,-0.0050929184
Wruewree,4.0,-1507437.4,32548.25,32.581318,6.4214683
Kyn,3.0,-1507428.4,35850.625,-47.024124,2.0676384
Peineaxeitoowi,2.0,-1507624.4,32697.47,-41.650494,-2.872477
Ceineixo,44905.453,-1711514.0,475825.0,0.045788165,0.030387374
Xo,4.0,-1711995.1,477828.66,-33.490364,-8.986532
Guechan-je,4.0,-1710038.1,475259.4,-7.89273,-49.569946
By,1.0,-1711062.4,476001.75,57.128872,-99.3393
Hotubuephi,3.0,-1711806.1,474591.94,50.820377,4.7004137
Gehue,2.0,-1711740.9,477720.72,43.135567,1.7805414
Wrie,44722.484,-918154.0,335821.0,0.025988627,8.706456E-4
Ren,3.0,-917130.2,336407.6,51.01079,-21.443428
Pypun,42656.227,-561776.0,560676.0,0.027829047,-0.06512444
Pu,4.0,-561564.6,558355.75,31.171658,-3.5548732
Cu,4.0,-563439.6,560817.56,-7.774061,47.31273
Sawrei,3.0,-560679.0,561871.75,-31.20643,21.82129
Lirwynquuje,44850.617,-1312702.0,1167360.0,0.01864083,-0.043504786
Ngirchuexan,3.0,-1313281.9,1166735.9,-40.87392,73.3774
Yu,1.0,-1313167.8,1166680.2,-45.801666,40.623173
Wreijee,44666.01,-1046017.0,166961.0,0.027549563,0.015121985
Cidu,42777.766,-669482.0,1200212.0,0.0029677106,-0.05766476
Yeekujei,4.0,-669487.2,1200806.6,-95.85134,12.293805
Wro,4.0,-669146.7,1201329.9,53.27076,-6.4717693
Ngencheicoovymir,1.0,-669887.75,1200078.8,-57.174442,88.74429
Shue,3.0,-668946.94,1200501.6,-21.245996,79.71982
Quopiefe,2.0,-670077.44,1199590.5,-42.285336,65.57406
Wreithee,44821.703,164788.0,725920.0,0.009573908,-0.042363565
Duben,3.0,164556.55,725057.5,-60.259056,52.032646
Hun,4.0,164022.69,726286.0,-8.915731,-75.687454
Knun,3.0,164948.19,726387.2,-102.37854,28.993643
Yy-tea,2.0,164861.95,727117.25,57.33345,-21.138996
Kei,42730.234,743248.0,848172.0,-0.028669655,-0.028630523
Pu,3.0,743254.4,849281.9,58.52156,-29.454578
Mirziela,4.0,743848.0,847065.44,36.330284,36.937443
Quue,3.0,742637.9,848471.6,-14.201333,-80.64918
Coiwuntenxi,42841.344,-1180199.0,-971810.0,0.0018040794,-9.968197E-4
Wueyanga,4.0,-1179379.0,-971080.4,38.32919,-32.53863
Xeiwhenke bir,3.0,-1180535.4,-971290.75,-60.902794,-34.44542
Knithue,2.0,-1180715.0,-971583.94,30.958973,98.45358
Dymun,44781.195,578647.0,631849.0,-0.023704434,-0.026136564
Knunvannirxun,3.0,578292.25,631294.44,-55.389503,81.097305
Ty dei,4.0,578458.6,631331.0,94.23914,-43.10182
Yue,4.0,578482.5,630768.7,-58.24752,-5.6951013
Quei,44854.88,606863.0,1318461.0,-9.000675E-5,-8.5240894E-4
Whenvir,4.0,607884.94,1317891.9,-17.993708,-59.221756
Sheingoi-quue,1.0,607184.1,1317812.2,-52.50768,-49.797016
Weewyn,3.0,607329.06,1317799.1,44.34484,56.87345
Phir boidee,2.0,606453.25,1319939.1,49.526627,4.084506
Pie-zeikoiquoi,42777.34,2177599.0,542500.0,-0.020952376,-0.025472086
Keipoi,1.0,2178058.2,542679.25,6.8076034,-93.532936
Knei,3.0,2177653.0,542048.44,107.29732,13.319551
Ji,44808.703,2045910.0,410842.0,0.017448112,0.01267903
Du,3.0,2046143.2,409757.5,-62.33371,20.441269
Cea,4.0,2045310.4,411544.2,-34.630386,-59.75021
Gy,4.0,2046539.0,410072.84,-40.09817,-54.76373
Ku,2.0,2045589.8,412065.16,57.02856,-2.0302308
Loopeknanza,44785.242,2224616.0,396736.0,-0.0018730836,2.0756511E-4
Dyn,3.0,2224756.8,397159.94,-108.68231,21.538794
Phea,42656.824,2295157.0,208626.0,-0.0196299,-0.010004145
Fea,4.0,2294724.8,206566.66,30.238049,-21.101274
Penknuefoi,3.0,2296622.2,209155.77,-3.7596126,40.426365
Si,42695.137,2168181.0,175708.0,-0.009864455,-0.0034292138
Matei,4.0,2167037.0,175348.23,-30.121576,54.301918
Wrin,1.0,2168833.5,175471.52,-56.23641,-58.739243
Doo,42837.293,2055312.0,86356.0,-0.013187925,0.013999005
Queepho,4.0,2055647.8,87273.6,59.437595,-1.7991238
Phan wir,42838.2,1984770.0,208630.0,0.00795101,-0.019125396
Cin ngen due,3.0,1985118.1,208891.3,-37.942017,96.44588
Wunchukin,2.0,1984529.1,207968.89,-67.88636,55.630898
Heekie,44677.51,1782549.0,340311.0,0.0106897075,0.004302137
Phabeebanwhei,4.0,1781643.4,339831.94,-28.119284,39.308105
Lesoitanxinthin,2.0,1782722.8,339801.78,-77.488754,-71.405624
Chuyu,44755.066,1933038.0,598966.0,-1.5823002E-4,-0.011462396
Tienen,2.0,1933060.5,599843.3,69.93584,-29.660429
Voo,44797.754,2455048.0,796485.0,-0.012011485,-0.0023581085
Roirynnooshan,4.0,2455652.8,795781.8,-40.077293,-59.059868
Nievynbyphen,2.0,2454646.2,797650.06,57.5654,1.3612987
Thun,44757.035,2304553.0,740064.0,0.0050656158,0.01243227
Geicha,4.0,2304243.8,739713.94,81.41193,-79.507935
Jeiti,42778.164,2807752.0,439086.0,-0.027907375,0.003977155
Whoiquyn,3.0,2807216.2,440171.53,57.259632,-5.2355604
Chinjie,1.0,2807683.0,439702.5,70.0009,5.862563
Noi,42900.586,2986458.0,660119.0,-0.01538382,-0.014692234
Hoishirlyn,4.0,2987196.5,660740.8,43.414963,-28.190693
Shee,42748.21,2718397.0,528442.0,-0.001185269,-0.031089226
Po ngoisiefu,4.0,2717497.2,528498.5,-8.545228,73.29936
Xinwoi,1.0,2717904.8,528713.3,17.432598,84.48083
Wrun,2.0,2719211.0,527236.75,-44.4818,-19.209093
Quinlea,42826.254,3009971.0,222761.0,-0.024980789,-0.023968725
Neihee,4.0,3010445.0,222848.88,-33.504642,103.62156
Wruchanceagir,4.0,3009774.0,223571.33,60.086205,40.05933
Shoiwhin choo,2.0,3010232.0,221837.58,-67.15604,8.513257
Gooxocirboo,44772.477,2708990.0,265089.0,-0.007703174,0.005664063
Lokuewunshie,3.0,2709486.0,264077.72,-61.649544,8.680022
Teetee,1.0,2708794.2,264614.47,-68.52615,52.769444
Mea,3.0,2709436.8,265316.4,-65.460175,73.02627
Beivanryja,2.0,2708544.0,266108.38,61.263557,2.850459
Pheeweithungi,44777.21,2530282.0,-82916.0,6.3742744E-4,0.027289167
Sue,4.0,2529786.5,-82406.5,-37.46585,-74.56725
Ten,42779.875,2516173.0,133414.0,-0.024298841,-0.0017330479
Theta Mei,3.0,2515492.8,134512.12,53.66256,1.080041
Ngyn,4.0,2516469.5,132497.8,50.45782,36.47116
Ci-keizifynwhi,4.0,2515420.0,133716.0,12.907744,77.1686
Quatyyir,3.0,2515623.2,133788.1,-27.567104,-70.19934
Thunwhen shue,2.0,2516870.2,132317.69,-50.173416,-15.08381
Ngoohoi,44869.066,2525577.0,232176.0,-0.009857703,0.0063981395
Xeirei,4.0,2526434.5,232790.12,48.461452,-50.6765
Doobiethin-ngi,2.0,2524397.5,233438.97,32.987415,30.30947
Quu,44663.23,2591416.0,335639.0,0.004074097,-0.015087087
Sir,3.0,2591356.0,335169.16,-87.455154,79.81693
Rieque,4.0,2590733.0,335003.06,-48.98271,24.224966
Ri,44872.332,2422113.0,420292.0,-0.0022862277,0.008564839
Xivanjimun,3.0,2423182.0,419003.1,-42.1376,-15.010074
Shie,4.0,2422927.2,420943.1,51.090504,-48.927105
Viewreidir,3.0,2421351.8,419506.47,34.967644,-39.796314
Pi Syjinveikuemei,2.0,2420907.5,421526.12,32.18133,31.193369
Jynngei-whiechie,44852.1,1757753.0,23736.11,0.00504859,0.012979839
Saquie,3.0,1758810.5,22515.732,-42.95204,-14.503427
Kno,4.0,1758533.1,24266.033,48.588924,-57.242817
Din,1.0,1757493.9,24119.145,103.11009,39.944874
Po,2.0,1756605.0,24887.734,34.54346,30.222893
Chopiban,42700.52,2011255.0,-612755.0,-0.022617538,-0.001451921
Finchinmazee,3.0,2010020.4,-611529.1,36.542553,19.967491
Reizynjoo,4.0,2010689.1,-614287.8,34.42654,-24.210463
Den,1.0,2012076.0,-612337.5,9.980117,-57.172104
Zeta Ngei,42794.95,1926770.0,-860557.0,-0.0064713364,-0.008022615
Yen,4.0,1926910.9,-861440.3,57.417484,29.77182
Pinyn xirwavue,1.0,1926401.2,-860123.4,50.06672,55.51505
Fynkojy bea,3.0,1926275.9,-860113.94,-38.89656,-60.414314
Sandei,42820.344,2152045.0,-1085831.0,-0.022378659,-0.007205088
Dunkniyeexei,4.0,2152315.8,-1086503.4,57.13067,52.629845
Fynmie,3.0,2151472.2,-1085634.0,-8.44085,-76.14395
Dyzin,44862.535,2366057.0,-866185.0,0.014129909,0.014646517
Ya,3.0,2367288.2,-867368.25,-37.982124,-19.610935
Pin,4.0,2366543.0,-864749.5,-39.2797,20.005587
Shei,3.0,2365300.5,-866843.1,31.291927,-47.633488
Quiexi,42823.812,2844768.0,-821128.0,-0.015372738,-0.01008637
Nginla,4.0,2845057.5,-821737.56,56.851852,59.33555
Gan-wriwhyn,3.0,2844202.8,-820996.9,0.9170059,-78.787285
So,2.0,2845520.2,-821990.1,-52.51029,-19.030651
Zeite lueshee,44685.97,2765920.0,-578955.0,-0.004500804,0.0017463267
Mintieku,4.0,2765876.5,-579653.4,-74.23022,-31.893261
Shir,2.0,2765564.8,-578248.7,77.80029,-4.0676646
Quokny,44893.84,2675809.0,-731015.0,0.0075109666,0.0095556155
Phue,3.0,2677191.2,-732236.25,-33.53849,-23.676832
Kneeshidirchinwrir,4.0,2676541.0,-729464.6,-30.486422,31.664383
Dea,1.0,2675005.5,-731807.1,-29.816917,37.989372
Zingeceiku,3.0,2674646.5,-731215.25,-7.862101,-53.33603
Mufi,2.0,2674326.0,-729958.9,21.45123,39.34925
Fei,42670.03,2895453.0,-1046400.0,-0.01555946,-0.004498086
Noo goo,3.0,2894042.5,-1045187.4,31.507067,24.60086
Phieyeaknoi,1.0,2896210.5,-1045413.06,35.258713,-24.746637
Bu,3.0,2896675.8,-1046387.8,19.303934,49.10685
Wei thie,2.0,2896970.0,-1047438.06,-18.795475,-39.970867
Xy,44811.99,2771550.0,-1406840.0,-0.019124823,0.024280649
Wre,3.0,2772701.5,-1407903.1,-40.751583,-17.304428
Chensoi,4.0,2772129.5,-1406328.0,57.955803,-62.24993
Choo,1.0,2771786.2,-1406527.9,103.93743,-59.220947
Dei,3.0,2771441.0,-1407629.1,64.32222,-10.455364
Phiequeiknen,2.0,2770396.0,-1405909.0,34.618973,32.338875
Knen,42737.164,2732125.0,-1237880.0,-0.018619988,-0.012680631
Venyeigenfunpo,3.0,2730873.8,-1236794.1,36.19157,20.425161
Ziciephen,4.0,2731653.0,-1239168.5,41.221172,-18.83847
Ruenoi,4.0,2731681.0,-1238629.2,-67.351494,38.02907
Co,1.0,2732667.0,-1237977.0,-44.105858,-80.147705
Fie,3.0,2732719.8,-1237215.6,-39.30195,45.596306
Xanfyngoi,2.0,2733406.8,-1238811.8,-27.651318,-35.4826
Shei,44886.38,2715229.0,-1057658.0,0.005908027,0.017677777
Shunkoimeabenmu,4.0,2715949.8,-1056198.1,-31.87369,31.257053
Wriequojeethun che,4.0,2715522.8,-1056656.4,70.25136,-15.68007
Gynyunphee,3.0,2714160.8,-1057906.9,-3.4594376,-56.301544
Van madei,42667.56,2619486.0,-1175927.0,-0.010788821,-0.011404535
Cen,4.0,2618610.8,-1177450.2,24.632359,-37.817463
Na-linsiequan,1.0,2620166.2,-1174817.5,39.173477,-16.017704
Nenshy,3.0,2620703.2,-1176065.8,28.0016,46.52888
Mynbinyir,2.0,2621052.8,-1176911.0,-16.344112,-41.453686
Wreado,42779.816,2236516.0,-1434993.0,-0.007364422,-0.019211652
Gunveawyvei,4.0,2236284.8,-1436067.5,52.57464,-2.4010098
Jeelovue,4.0,2235987.2,-1435464.4,-58.678875,64.943794
Kuevo,3.0,2236499.0,-1434251.5,-66.16007,0.23151785
Ngyn,42759.4,2016871.0,-1694060.0,0.0075114435,-7.0449605E-4
Xoiknacoo,3.0,2015667.1,-1693038.4,37.739105,19.172676
Whea,4.0,2016404.6,-1694670.5,-65.853424,51.011986
Kan,1.0,2016894.5,-1694431.1,-121.77953,-3.6785102
Tea,2.0,2018071.4,-1694929.0,-30.975496,-33.987602
Jir,44777.855,2777178.0,-1722218.0,0.010511719,0.013121181
Du,3.0,2778279.5,-1723182.2,-42.66783,-15.887934
Xynthoshi,4.0,2777277.8,-1721262.2,-59.80395,-10.336178
Yy,2.0,2776130.2,-1721392.8,39.60074,30.327953
Whyknanmycuben,44768.254,2687066.0,-1970021.0,0.0044066487,0.013740322
Lambda Wrinknir,4.0,2687146.8,-1969096.8,-61.15706,-12.92693
Ngyn,1.0,2687543.5,-1970214.4,-12.330669,-84.465416
Yynna zirei,2.0,2686031.8,-1969210.5,40.254898,30.07568
Peewha-tinkee,42842.27,2591324.0,-1649001.0,-0.008955626,-0.003137531
Kei xea,4.0,2591506.8,-1649610.5,66.02906,52.879887
Gen,42815.168,2473052.0,-1316716.0,-0.012264363,-0.0067435824
Goiquyvoi,4.0,2472974.8,-1317591.6,61.87627,14.04632
Where,3.0,2472687.8,-1316160.8,-56.315624,-39.327477
Bunxiejoovea,42661.93,1842277.0,-1220971.0,-5.408047E-4,-0.011810287
Cuephantheidu,4.0,1841333.2,-1222395.9,22.361038,-41.233177
Wei,4.0,1842299.8,-1222098.4,-68.058815,-7.3878393
Yirluewee,3.0,1843414.8,-1221244.8,36.484203,44.54385
Che,42875.086,1656422.0,-1491296.0,-0.015662963,-0.024787202
Iota Fin,4.0,1656644.5,-1491732.5,67.35045,77.85374
Hoi,4.0,1655994.2,-1491149.4,14.530778,113.5562
Sho,2.0,1657246.0,-1491941.9,-51.21811,-25.030043
Ngenthi,44704.242,1515623.0,-1142117.0,0.01061156,0.03287822
Ly,4.0,1515422.6,-1141643.2,-70.97222,-72.521065
Geixyn nir,4.0,1516063.2,-1142220.4,-6.559087,-117.23673
Joikigunzee,44839.934,1994334.0,-1085795.0,-0.0021975858,0.022072177
Whinle,4.0,1995011.4,-1084617.9,-37.069607,29.83202
Zeeshenshoizoi,4.0,1994404.9,-1084910.5,77.48915,-11.247962
Whoimanwinyybyn,3.0,1993594.6,-1086191.0,17.999548,-64.38828
Shiqueangunwei,2.0,1992910.8,-1085050.4,20.728973,40.688877
Vun,44788.348,2416726.0,-32625.69,-0.0010472666,0.024052002
Geawhirkunji,4.0,2417162.5,-31617.629,-50.709435,15.302362
Knoi,4.0,2416943.5,-31952.986,81.13808,-37.592285
Jea,3.0,2416548.2,-33304.08,65.84845,-27.5789
Banshorea,42703.69,2270296.0,-274797.0,-0.011082686,-0.0029109824
Jeityfinto,4.0,2269444.2,-276015.75,27.361101,-38.43406
Whytavuexu,4.0,2270401.0,-275785.72,-71.87075,-6.475564
Tityn,1.0,2270854.0,-273994.53,41.271416,-31.685484
Duezynyanngen,2.0,2271824.8,-275519.7,-14.46328,-42.79757
Nei,44863.285,-849781.0,569990.0,0.010659893,0.009328158
Rue,3.0,-848252.56,569021.4,-27.705105,-27.699652
Bea,4.0,-849873.0,570943.7,75.08422,3.3022714
Dendea,1.0,-850361.4,569348.44,-37.125393,46.739624
Fee wrunthutie,3.0,-850657.75,569870.2,-9.926666,-66.08844
Puchanthoi,2.0,-851290.3,570691.8,16.158464,42.866035
Thunzanrepa,42828.082,-1452397.0,885380.0,0.001304041,-0.016622161
Luexiehoi,3.0,-1453622.5,886180.1,35.940723,20.262945
Toigei,44721.65,-1908582.0,738953.0,0.030196004,0.007510409
Ngynknoingejue,4.0,-1908472.0,739650.0,-73.98694,-18.680017
Pei,42719.65,-2319712.0,260242.0,-0.013425363,-0.012688333
Mivundekimoo,3.0,-2321254.2,261156.62,25.62832,28.261984
Reeveedueshoi,4.0,-2320550.8,259131.16,28.568249,-38.622265
Kue,1.0,-2319196.5,260938.44,41.883125,-39.145187
Whooceequei,3.0,-2318867.2,260264.0,18.246597,65.62339
Wranmy,42742.938,-2246498.0,-252259.0,0.006003542,-0.0045038206
Kentei,3.0,-2247980.8,-251382.66,27.113213,26.892624
Knun,4.0,-2247233.5,-253301.94,34.51336,-33.767654
Yea,4.0,-2246365.0,-253115.5,-76.77873,-2.5167196
Yei,2.0,-2245068.0,-252863.83,-16.813967,-41.779922
Chu,44862.527,-1812841.0,-49509.0,0.0032823915,0.015867025
Meawroo neesu,3.0,-1811251.9,-50424.08,-25.179796,-29.278378
Da,4.0,-1813091.0,-48564.715,72.97546,13.757196
Leeknongei,1.0,-1813331.8,-50265.285,-45.275005,34.553688
Tee,3.0,-1813695.2,-49463.25,-24.737625,-65.53713
Leidealyn chynshue,2.0,-1814388.2,-48891.652,12.790415,44.324387
Shiloowho,44873.105,-1525615.0,-314207.0,0.016410276,0.016348958
Lueloiphyche,3.0,-1526474.0,-314076.9,-32.149574,-62.42205
Quinnin,44778.066,-2077543.0,-60770.0,0.01991325,0.014475534
Jea,3.0,-2076152.4,-61571.477,-30.495152,-24.622786
Tooknirzushaza,4.0,-2077004.2,-59869.97,-48.962254,22.420807
Nue,3.0,-2077780.6,-61355.5,64.703156,-43.20028
Whei,44744.465,-1733997.0,113820.0,0.015076554,0.0140296575
Doi-phunke zoochea,4.0,-1733604.0,114625.3,-59.595432,11.325301
Cue,4.0,-1733933.0,114417.195,91.71495,-34.048695
Teifajue,42707.426,-815997.0,-184668.0,0.016639818,0.004184315
Yasenree,3.0,-817609.4,-183806.08,22.74926,30.063358
Vea,4.0,-815630.44,-185582.08,-68.80962,-21.360214
Yooqui,1.0,-815600.8,-183830.06,49.376263,-22.04873
Yoo-kunno,2.0,-814441.94,-185211.62,-9.684587,-44.717045
Jy,42854.156,-1024379.0,-280409.0,0.009400513,0.007160828
Shinfipho,3.0,-1025645.06,-279705.28,32.98424,21.805998
Yue,2.0,-1023242.75,-280875.28,-29.714865,-36.935555
Gamma Pieposirbin,44827.047,-838527.0,-770383.0,0.014903302,0.0045169815
Thei,1.0,-838994.56,-770843.8,-37.81602,64.437546
Deichyyihe,44728.273,-849791.0,-1243462.0,-0.0021841172,0.015173796
Quinwyn foi,4.0,-849808.9,-1242877.4,95.01017,-26.835213
Cir-zue,2.0,-850979.75,-1243008.1,27.484049,38.486614
Tir-ceishaboi,42828.613,-1176442.0,-1389890.0,-0.009176615,0.0062903995
Pei,3.0,-1177799.1,-1389182.9,29.255785,24.227354
Soinynthy,4.0,-1176942.9,-1390661.4,53.102844,-20.461845
See,2.0,-1175205.9,-1390332.6,-23.221306,-39.274097
Tirrea,44737.914,-1227130.0,-1220932.0,0.029358882,0.025467914
Vikninquu,3.0,-1225767.9,-1221633.6,-29.94077,-24.230513
Sie,4.0,-1226649.0,-1220176.9,-56.456177,18.838638
Voo,3.0,-1227135.5,-1221497.5,78.33319,-20.170704
Shichinfoo,42690.797,-1480566.0,-1277250.0,-0.013727931,0.0012865339
Run,3.0,-1482262.8,-1276425.9,19.695114,32.11365
Tindoocy,4.0,-1481593.2,-1278234.9,17.363022,-49.235878
Ngee,1.0,-1480324.6,-1276250.2,52.055946,0.12148768
Jeknoofyn,2.0,-1478945.4,-1277720.1,-4.9351487,-46.498188
Yoi-zeevuny,42875.406,-1384825.0,-1479997.0,-0.0044936924,0.001998483
Pha,2.0,-1383682.4,-1480391.6,-27.492083,-37.867493
Leeroo,44704.344,-1593206.0,-1474364.0,0.014315902,0.017459866
Mei,4.0,-1592838.8,-1473698.8,-67.3963,8.776619
Shareiny,4.0,-1593260.4,-1473824.2,99.35013,-26.661173
Roi,42661.312,-1626998.0,-1063234.0,-0.0131410435,-0.012644772
Che,4.0,-1628120.1,-1064220.9,11.36204,-53.59908
Zuezanjipe,4.0,-1626359.2,-1064149.9,-57.763596,-38.518265
Yirwhi,1.0,-1626879.9,-1062081.0,49.507614,18.705538
Yinwhugan,3.0,-1626358.9,-1063891.2,69.903625,23.863039
Jeehiele,42665.15,-1176446.0,-1181502.0,-0.018610248,-0.013156523
Zen yeidingun,4.0,-1175791.5,-1182397.4,-57.382942,-39.159683
Xu,2.0,-1174761.6,-1181929.1,-1.0905597,-48.051678
Miryoowry,44854.332,-1722741.0,-1209661.0,0.015272754,0.012670654
Weiwhinpun,3.0,-1721066.0,-1210428.4,-20.200762,-31.656984
Meiwreechunthan,4.0,-1721773.9,-1208766.4,-21.738007,47.686287
Wrejagan,1.0,-1723019.4,-1210473.8,-55.972565,17.785748
Meaphiwuewran,3.0,-1723412.5,-1209383.2,-51.01577,-62.72461
Ngizin,2.0,-1724311.5,-1209255.8,6.4025693,46.302177
Fuveenoo,42831.0,-1632631.0,-832322.0,0.0021216131,-0.0048268014
Min,4.0,-1632330.8,-832966.25,-82.931206,-8.398115
Pho,44837.797,-1176448.0,-854847.0,0.009306382,0.012033539
Quiecir,4.0,-1176998.5,-854071.8,66.52942,30.824768
Kooken,3.0,-1177081.2,-854672.2,-42.686966,-73.72449
Yeaveizue,42724.28,-1936756.0,-1130809.0,-0.0056024343,-9.772929E-4
Weiwrea,3.0,-1938424.5,-1130086.2,18.678875,31.730421
Nginzir,42896.89,-2190192.0,-1508146.0,0.0047331937,0.004070291
Phe,2.0,-2189075.8,-1508452.6,-26.395737,-38.255375
